343 248 247
99 0 585
341 294 340
645 585 586
205 204 451
345 207 206
348 200 349
323 234 233
730 84 85
230 330 409
605 606 604
198 349 199
1 586 585
87 88 621
409 506 323
323 287 325
327 234 328
409 233 232
806 625 735
444 223 445
404 229 405
332 331 228
233 327 232
229 228 331
229 331 230
405 232 327
332 228 227
405 229 230
327 233 234
586 733 645
338 344 631
602 94 95
290 93 289
225 224 333
227 404 226
332 289 331
290 332 225
404 445 226
500 626 536
92 290 291
336 496 292
334 495 291
225 333 290
300 354 355
291 333 222
107 369 420
228 229 404
352 178 177
334 222 221
444 221 222
334 291 222
222 223 444
227 228 404
334 220 219
90 91 495
461 221 444
218 461 460
220 461 219
292 335 336
213 337 214
216 217 460
215 214 337
445 224 225
218 217 336
218 460 217
338 337 213
234 235 328
102 350 103
6 619 785
702 343 339
407 241 446
340 242 341
242 340 243
240 341 241
446 243 447
325 402 236
407 329 406
402 401 239
402 239 238
240 407 239
402 238 237
236 406 328
405 230 231
325 236 235
244 340 245
340 244 243
785 847 784
339 246 245
428 377 311
447 246 462
463 248 249
328 406 288
407 446 329
7 619 6
251 410 342
249 250 463
343 246 339
245 447 244
251 468 463
295 410 343
246 343 247
196 485 484
328 288 327
216 460 215
467 215 460
407 406 238
235 234 323
607 89 90
210 209 411
467 213 214
212 466 211
466 473 210
345 411 208
337 338 293
211 466 210
211 411 344
239 407 238
496 293 542
345 296 411
473 472 207
633 433 988
209 473 208
200 201 478
205 206 472
203 202 417
207 472 206
204 205 472
472 479 204
200 199 349
348 201 200
203 479 202
206 205 451
414 113 449
451 203 417
479 478 201
207 345 208
198 197 349
341 497 294
631 344 710
348 202 201
357 500 352
89 632 88
358 359 168
345 206 416
543 709 347
527 77 556
370 111 367
351 100 179
529 303 629
609 499 608
499 610 299
366 162 161
1001 611 888
364 165 166
532 522 346
170 171 361
178 352 351
179 100 101
351 352 299
178 179 354
177 354 300
608 80 81
174 173 357
174 357 175
173 356 357
176 353 175
419 175 353
500 299 352
353 177 300
172 356 173
354 177 178
179 178 351
631 542 293
971 555 305
422 363 362
356 501 301
508 303 361
502 302 358
501 302 527
129 130 424
371 159 158
972 555 971
374 150 149
766 72 693
71 648 70
376 310 147
846 876 783
150 374 151
366 503 305
159 371 160
169 168 359
419 173 174
358 168 167
361 169 170
303 169 361
359 501 356
492 378 525
647 648 587
365 165 164
360 168 169
360 167 168
613 692 612
358 302 359
163 365 164
360 169 303
169 359 170
357 356 301
367 505 307
419 174 175
363 162 163
355 354 102
100 298 101
177 353 176
101 350 102
350 101 298
103 104 355
358 365 502
364 363 164
366 163 162
163 164 363
306 161 162
163 366 305
364 164 165
305 365 163
105 420 355
103 355 102
108 109 425
453 418 452
107 108 425
346 414 449
453 105 104
109 110 370
455 153 421
453 452 106
458 133 134
452 107 106
450 110 109
111 112 367
105 453 106
153 455 152
584 583 582
110 111 370
103 350 453
113 367 112
647 68 69
159 160 161
155 372 426
306 158 159
306 159 161
160 371 308
372 531 426
155 154 372
153 152 373
422 156 157
426 308 371
373 154 153
421 422 362
563 509 430
158 306 422
692 73 74
308 426 531
422 421 156
720 781 793
150 427 376
155 156 421
309 373 151
397 440 146
374 309 151
145 398 146
148 376 147
144 398 145
570 309 397
376 148 149
266 265 382
455 151 152
152 151 373
167 360 364
739 15 737
370 367 307
74 75 612
450 111 110
429 428 378
9 707 8
79 536 626
469 254 255
251 250 410
253 252 377
342 377 251
250 249 410
447 462 408
258 259 475
253 377 428
448 463 468
255 428 256
429 256 428
475 259 260
428 255 254
256 474 469
620 342 704
475 261 480
265 481 264
259 258 380
259 380 379
379 261 260
257 256 429
469 474 464
180 181 487
262 261 379
470 475 480
313 431 382
265 264 456
182 487 181
312 430 379
266 486 481
266 382 431
263 264 481
341 401 497
487 183 490
383 191 190
194 484 193
385 383 314
484 489 193
768 464 474
383 190 189
384 457 194
478 199 200
197 198 485
195 484 194
385 193 192
196 457 197
484 195 196
193 385 194
385 191 383
485 199 478
432 181 180
476 481 486
190 488 189
189 488 188
1004 695 768
180 431 432
186 185 387
486 696 476
192 489 191
403 404 513
387 184 388
387 185 184
515 459 460
188 434 189
432 182 181
489 488 190
188 491 187
186 387 187
775 525 776
348 349 297
552 565 875
245 340 339
313 382 509
704 702 618
294 339 340
260 259 379
509 382 456
344 338 211
741 17 18
216 337 336
496 337 293
653 655 741
211 210 411
27 28 810
546 703 294
925 926 914
589 653 654
337 216 215
21 654 20
292 90 495
334 219 335
1002 654 21
742 1186 656
218 335 219
24 25 808
222 333 223
290 289 332
564 1178 1179
291 290 333
1002 656 589
91 92 495
19 653 18
336 337 496
715 537 547
383 434 504
386 547 504
92 291 495
283 282 744
811 660 812
341 242 241
212 338 213
349 197 433
335 218 336
625 535 734
284 660 285
336 217 216
314 383 504
466 212 467
431 381 432
267 431 180
859 860 813
230 331 330
32 659 31
287 323 506
289 330 331
813 896 661
662 33 34
33 662 664
286 285 663
447 408 446
406 236 237
592 662 593
462 248 463
333 224 223
602 289 94
747 29 30
526 493 381
268 286 666
225 332 226
492 312 380
239 401 240
614 567 554
116 117 390
111 415 449
118 317 117
346 413 116
414 346 116
316 390 117
121 317 119
413 118 117
120 121 119
120 392 121
391 122 392
122 317 121
413 119 118
317 118 119
117 116 413
123 389 317
389 123 124
391 435 124
128 423 127
125 435 437
124 435 125
127 423 126
423 316 389
128 127 437
442 454 133
129 128 436
130 129 436
368 534 573
128 393 436
129 424 128
127 126 437
128 368 423
122 391 123
424 131 454
147 440 148
147 375 146
147 310 375
132 395 133
134 135 458
375 145 146
720 636 781
143 144 321
141 441 399
141 142 322
140 396 764
399 320 398
321 322 143
440 309 374
133 458 442
143 398 144
136 137 400
134 133 394
138 322 137
137 136 438
438 136 394
400 137 322
139 141 322
439 139 138
798 687 833
441 320 399
385 192 191
794 724 720
137 438 439
139 140 141
395 394 133
322 138 139
395 319 394
549 504 639
391 392 318
116 390 115
274 907 275
93 94 289
269 669 668
92 93 290
212 211 338
334 221 220
1167 1121 1166
690 96 97
323 325 235
447 243 244
594 671 673
818 817 271
332 227 226
1038 1133 1132
675 668 594
392 122 121
596 268 666
667 596 593
37 671 670
326 405 288
404 405 326
668 270 269
675 270 668
617 699 700
752 40 41
494 325 287
645 98 99
828 829 43
324 401 402
674 750 754
445 223 224
681 269 268
343 410 248
819 751 817
315 388 493
795 61 62
390 505 367
140 139 439
762 60 61
317 389 316
117 317 316
57 831 56
395 436 510
54 757 53
53 759 52
758 1011 683
683 757 758
510 436 642
763 59 60
123 317 122
47 756 46
231 409 232
761 48 601
322 321 400
409 231 230
47 48 761
52 1012 600
601 49 599
601 599 600
375 144 145
399 143 142
49 50 599
321 524 442
399 398 143
143 322 142
319 638 438
756 870 899
135 134 394
324 402 494
392 614 318
119 412 120
388 184 183
235 236 328
253 254 469
343 702 295
878 880 848
451 416 206
115 414 116
414 115 114
415 511 1059
579 583 530
498 348 297
451 417 347
196 195 457
433 197 457
296 416 623
450 415 111
536 499 299
100 351 610
177 176 352
176 175 357
420 300 355
361 172 419
179 101 354
102 354 101
104 105 355
420 105 106
172 171 356
171 170 359
500 357 301
176 357 352
167 166 358
166 165 365
501 359 302
171 359 356
529 360 303
304 363 364
171 172 361
419 172 173
360 529 304
154 155 421
362 363 304
162 363 306
167 364 166
360 304 364
77 555 76
166 365 358
161 160 366
160 308 1183
113 114 367
114 115 390
128 424 368
558 553 427
541 518 630
300 420 518
307 369 370
369 107 425
158 157 371
426 157 156
521 372 373
371 157 426
521 373 309
154 373 372
149 148 374
147 146 440
375 310 524
144 375 321
149 150 376
427 150 151
251 377 252
342 311 377
311 342 620
379 380 312
263 456 264
262 379 430
429 258 257
380 429 492
1179 313 509
387 388 315
456 263 262
262 430 456
434 188 187
187 386 434
314 504 549
979 1083 978
314 384 385
194 385 384
715 627 1197
545 988 549
786 387 315
187 387 386
432 183 182
388 432 493
124 125 389
423 125 126
390 316 505
114 390 367
393 128 437
124 123 391
120 412 614
120 614 392
939 318 507
395 510 319
396 140 439
136 135 394
132 131 395
131 130 436
528 557 638
438 557 396
320 561 397
843 65 66
320 397 398
146 398 397
142 141 399
441 141 140
442 400 321
136 400 458
497 401 324
341 240 401
236 402 237
494 402 325
769 464 768
461 218 219
513 404 326
445 403 444
232 405 231
288 405 327
238 406 237
406 329 699
240 241 407
446 241 242
463 448 462
468 253 469
409 330 506
233 409 323
410 249 248
295 342 410
411 209 208
296 344 411
413 522 412
554 1083 979
522 413 346
119 413 412
114 113 414
449 113 112
452 511 450
347 417 498
543 347 498
296 345 416
202 348 417
498 417 348
418 523 928
1001 350 298
518 353 300
361 419 508
107 420 106
518 508 419
558 362 304
153 154 421
158 422 157
363 422 306
310 427 553
125 423 389
130 131 424
454 131 132
109 370 425
370 369 425
155 426 156
372 521 531
455 427 151
310 376 427
428 254 253
311 378 428
492 429 378
258 429 380
565 312 492
1064 1065 739
431 267 266
313 381 431
493 432 381
183 432 388
567 568 1083
349 433 633
504 434 386
383 189 434
391 318 435
318 939 562
393 642 436
131 436 395
125 437 126
435 393 437
394 319 438
638 557 438
137 439 138
438 396 439
309 440 397
374 148 440
441 140 764
62 63 719
321 375 524
424 454 368
288 406 699
467 212 213
538 444 403
460 461 443
226 445 225
404 403 445
243 446 242
329 446 408
245 246 447
462 246 247
469 464 468
474 258 475
111 449 112
415 532 449
109 108 450
108 107 452
451 204 203
347 416 451
452 418 511
108 452 450
103 453 104
350 418 453
133 454 132
442 524 534
421 362 455
529 558 304
509 456 430
265 456 382
194 457 195
384 433 457
136 458 135
400 442 458
403 513 538
473 207 208
515 460 443
467 459 466
221 461 220
444 443 461
248 462 247
462 448 872
250 251 463
468 251 252
475 470 474
480 263 481
444 538 443
479 201 202
539 466 459
472 473 465
215 467 214
460 459 467
253 468 252
468 464 769
255 256 469
474 256 257
481 476 480
486 180 487
1004 476 696
485 196 197
516 472 465
479 471 478
210 473 209
466 465 473
258 474 257
474 470 768
260 261 475
480 261 262
487 482 486
185 490 184
539 465 466
489 190 191
540 478 471
484 485 477
204 479 203
472 471 479
263 480 262
480 476 1004
265 266 481
486 266 267
188 488 491
697 490 512
512 770 697
482 487 490
517 484 477
489 483 488
199 485 198
478 477 485
180 486 267
486 482 696
182 183 487
490 183 184
512 490 491
187 491 186
193 489 192
484 483 489
491 185 186
491 488 512
512 488 483
185 491 490
378 311 525
10 11 727
381 313 526
1005 801 279
287 506 605
855 645 733
334 335 495
292 495 335
293 338 631
90 292 496
324 494 732
625 3 4
544 297 633
415 450 511
609 81 82
100 610 298
501 556 714
536 79 80
302 502 527
501 527 556
305 502 365
555 77 527
160 503 366
503 1183 613
493 715 786
1006 1008 1007
423 980 316
980 423 368
602 506 330
606 95 96
412 522 567
275 767 276
419 353 518
529 629 514
563 312 565
737 15 16
562 393 435
1167 949 948
350 523 418
928 908 927
517 483 484
516 540 471
701 288 699
471 472 516
541 508 518
442 534 454
515 443 538
459 515 539
516 465 539
770 483 517
477 478 540
517 477 540
420 369 518
548 630 307
7 8 840
704 342 295
416 709 623
706 621 520
397 561 570
711 66 67
449 532 346
297 349 633
499 691 610
582 837 706
553 524 310
454 534 368
708 519 774
707 729 622
564 509 563
280 717 281
527 502 555
556 77 78
562 576 642
1124 678 1021
629 303 508
514 558 529
530 543 569
839 773 772
778 521 570
647 649 736
569 579 530
544 574 498
314 549 384
1095 1084 1093
566 524 553
573 541 548
713 625 4
294 497 546
536 80 608
299 500 536
493 526 716
800 641 1136
701 326 288
698 770 540
538 1192 515
617 771 873
539 1191 516
1193 1192 538
630 518 369
307 505 548
631 705 542
542 632 607
498 297 544
530 623 709
975 978 568
544 982 580
545 549 560
718 279 278
546 497 731
784 703 535
386 387 786
547 537 640
548 980 573
534 524 566
639 504 547
545 987 988
793 722 635
64 65 724
507 941 939
799 274 273
565 552 563
14 15 739
558 427 455
514 566 553
532 973 522
1162 1181 694
502 305 555
971 305 503
626 78 79
714 301 501
864 867 824
762 763 60
553 558 514
362 558 455
982 544 533
523 908 928
641 640 537
641 1196 640
723 320 441
309 570 521
318 562 435
562 551 576
312 563 430
563 552 1160
1157 552 875
747 861 29
525 842 492
577 874 572
541 566 514
573 566 541
568 567 522
614 554 507
908 523 888
559 574 580
543 498 574
1100 579 569
550 779 561
712 779 781
939 942 551
571 528 638
14 1066 13
1115 727 728
548 505 980
534 566 573
559 569 574
574 569 543
1101 1000 1100
884 611 885
949 551 947
576 571 642
492 842 875
1157 1158 1088
984 985 983
580 581 1101
1100 569 559
583 575 1016
544 580 574
581 580 578
984 578 982
568 522 973
838 1014 644
773 621 706
575 583 579
582 706 584
584 710 623
530 583 584
2 586 1
0 1 585
734 735 625
731 732 646
73 692 693
531 780 783
808 809 740
931 1141 1062
742 22 23
738 856 650
788 282 789
588 1070 856
744 746 283
659 814 31
285 748 663
659 664 665
666 663 593
35 667 34
38 671 37
671 594 670
752 753 678
43 44 828
35 36 680
670 36 37
758 1119 1118
1035 684 1165
53 757 759
1106 1102 1003
50 51 599
600 599 51
52 600 51
600 598 601
598 1103 761
48 49 601
602 95 606
289 602 330
687 764 765
765 1028 1026
733 805 855
494 287 605
606 605 506
605 604 804
606 506 602
606 96 690
90 496 607
542 607 496
609 608 81
536 608 499
83 852 854
1001 610 611
299 610 351
691 499 609
854 609 82
853 852 730
612 75 972
612 503 613
876 531 783
73 693 72
567 614 412
318 614 507
725 863 969
507 1086 941
483 770 512
1193 513 701
329 700 699
698 616 697
702 339 703
713 535 625
707 841 840
619 847 785
708 620 519
311 620 776
621 88 632
520 584 706
729 10 727
311 776 525
530 584 623
710 584 520
649 647 587
521 778 780
713 4 5
731 734 546
714 500 301
78 626 556
1144 1145 981
744 788 658
1197 1045 1046
792 787 790
508 541 629
514 629 541
307 630 369
548 541 630
710 344 296
705 631 520
607 632 89
632 542 705
988 433 384
533 544 633
278 998 718
985 989 991
796 550 561
849 798 603
843 711 777
521 780 531
272 751 273
637 862 824
319 510 638
638 510 642
640 639 547
549 639 560
1136 537 1197
639 640 560
717 800 628
1008 1196 1007
642 393 562
638 642 571
11 728 727
643 850 729
888 884 887
852 83 84
585 645 99
735 733 586
732 731 497
735 734 646
648 647 69
624 845 783
70 648 69
71 72 766
711 649 624
68 736 67
17 741 738
935 937 588
810 743 892
905 651 857
588 1194 923
643 727 1115
654 653 19
653 589 655
20 654 19
21 22 1002
890 1020 1019
738 737 16
1186 23 24
1186 1187 1188
881 877 848
809 857 740
789 787 788
896 813 894
664 32 33
859 813 661
746 812 283
660 591 665
591 660 811
1137 911 743
662 34 667
664 662 592
748 285 660
593 663 592
665 664 592
659 32 664
592 663 748
659 665 591
663 666 286
596 666 593
667 35 680
662 667 593
269 681 669
675 594 673
596 680 670
594 668 669
594 669 670
670 669 596
676 39 674
39 750 674
676 673 671
271 817 272
671 38 676
673 672 675
750 39 40
672 673 674
818 675 672
271 270 675
39 676 38
673 676 674
819 1189 677
862 823 824
41 753 752
754 672 674
830 755 828
1035 1042 684
670 680 36
667 680 596
268 596 681
669 681 596
1078 1077 1080
755 830 1022
758 54 55
1106 1105 597
832 760 831
765 833 687
1102 1103 1003
685 1102 756
719 721 795
1013 763 686
396 765 764
721 1031 849
949 571 576
59 763 1023
900 1035 760
1165 1118 1119
690 97 855
606 690 604
885 691 609
610 691 611
612 692 74
693 692 613
1184 1185 1183
693 1030 766
897 907 799
1084 1087 1093
617 700 771
700 834 771
482 490 697
1004 616 695
616 696 697
482 697 696
1191 836 1190
835 1190 873
700 329 408
701 699 617
872 408 462
448 468 769
873 1193 617
326 701 513
339 294 703
618 847 704
535 703 546
618 702 703
620 704 519
295 702 704
520 621 705
632 705 621
1014 772 837
87 773 86
9 10 729
708 774 841
774 519 619
708 622 775
347 709 416
530 709 543
631 710 520
296 623 710
711 67 736
777 711 624
778 779 712
844 777 782
5 6 785
703 784 618
556 626 714
500 714 626
786 715 547
716 715 493
1178 526 1179
715 716 627
279 801 280
790 789 717
998 278 277
1005 1006 726
63 64 794
721 719 635
635 719 720
719 63 794
849 1031 1032
721 686 762
561 320 723
797 687 798
441 764 797
723 722 796
724 65 843
720 724 636
751 823 799
862 863 725
279 718 1005
718 1006 1005
728 11 12
729 727 643
13 1066 1067
1164 1017 1010
1017 802 850
729 707 9
839 85 86
730 644 853
497 324 732
731 646 734
494 804 732
98 855 97
732 805 646
732 804 805
734 535 546
646 733 735
2 806 586
3 806 2
647 736 68
711 736 649
16 17 738
739 737 650
655 807 856
650 737 738
1064 1070 937
739 1065 1066
809 25 26
889 651 1195
653 741 18
738 741 655
1186 742 23
1002 742 656
815 816 861
889 857 651
877 881 883
658 895 746
882 858 895
811 813 591
658 746 744
746 745 812
814 747 30
815 747 661
660 665 748
592 748 665
821 672 754
1189 819 820
752 750 40
754 750 825
751 272 817
823 751 677
753 41 42
752 678 825
829 42 43
1123 827 1125
826 754 825
595 820 821
830 44 45
869 829 755
685 756 47
756 682 870
758 757 54
759 757 683
55 56 1119
1011 1156 1117
1105 1003 1104
1012 598 600
832 57 58
760 832 900
598 761 601
47 761 685
762 61 795
763 762 686
686 849 1013
1025 1023 1024
765 396 557
764 687 797
557 528 1028
833 603 798
587 648 766
71 766 648
275 907 1082
1091 276 1181
1004 768 470
769 768 695
834 695 771
769 834 872
540 770 517
697 770 698
616 835 695
771 695 835
644 730 838
839 838 730
621 773 87
773 706 837
840 619 7
622 841 707
775 622 851
775 851 842
620 708 776
775 776 708
777 624 782
636 724 843
779 778 570
778 712 780
561 779 570
779 550 781
712 782 780
780 782 783
781 550 793
636 777 844
782 712 844
783 782 624
845 624 649
845 846 783
535 713 784
785 784 713
785 713 5
619 519 847
386 786 547
493 786 315
1045 791 1046
883 881 882
744 282 788
789 282 281
281 717 789
790 717 628
1046 791 1135
787 789 790
564 1177 1178
792 877 787
1135 790 628
878 877 792
793 550 796
635 720 793
724 794 64
719 794 720
719 795 62
762 795 721
723 796 561
793 796 722
722 723 797
797 723 441
1013 849 603
722 797 798
751 799 273
897 799 725
801 717 280
800 726 1007
726 800 801
717 801 800
875 874 577
850 851 729
887 884 803
885 854 884
605 804 494
805 804 604
604 690 855
805 733 646
625 806 3
586 806 735
655 589 1018
920 922 651
809 808 25
1186 808 740
892 27 810
903 857 809
816 810 28
892 743 891
812 660 284
813 811 745
812 284 283
745 811 812
894 813 745
747 814 859
31 814 30
860 659 591
896 1060 1138
743 810 816
29 816 28
743 816 815
818 271 675
817 749 819
821 818 672
817 818 749
820 819 749
677 751 819
821 820 749
595 822 1189
821 749 818
821 754 826
1124 826 678
867 868 866
823 677 824
799 823 725
864 677 1189
864 824 677
752 825 750
826 825 678
1021 678 753
821 826 595
829 869 898
1122 868 822
830 828 44
829 828 755
755 1034 869
829 753 42
45 46 899
679 1034 1022
832 831 57
1119 831 760
58 59 1023
1025 871 900
765 1026 833
1131 1038 1130
700 408 872
695 834 769
698 1190 616
873 1190 836
1191 698 540
836 1191 1192
1014 837 582
773 837 772
839 730 85
1014 838 772
773 839 86
838 839 772
707 840 8
619 840 774
708 841 622
840 841 774
842 874 875
525 775 842
711 843 66
843 777 636
712 781 844
636 844 781
587 1029 649
1030 846 1029
1029 846 845
613 846 1030
704 847 519
784 847 618
880 1044 901
848 880 914
686 721 849
1031 721 635
1017 850 643
850 802 851
851 622 729
851 802 874
730 852 84
854 852 803
887 644 886
852 853 803
83 854 82
854 803 884
645 855 98
855 805 604
655 856 738
856 807 1194
904 809 26
909 905 857
745 746 895
1174 1060 1139
747 859 661
860 859 814
659 860 814
813 860 591
815 861 747
816 29 861
863 862 637
823 862 725
942 944 946
767 1082 694
1129 1033 1126
864 868 867
1076 1078 1039
1172 963 1173
1121 964 963
867 958 824
868 864 822
867 866 958
1033 1122 1123
968 868 865
1126 1033 1125
829 898 753
682 1102 1106
899 830 45
1036 1037 1040
1134 1173 1041
769 872 448
700 872 834
835 873 771
836 1192 1193
851 874 842
1017 874 802
875 577 1157
492 875 565
1185 846 613
531 876 1184
878 792 791
848 926 881
901 879 880
848 877 878
1160 564 563
651 905 920
1044 878 791
932 906 933
590 882 881
883 788 787
858 882 590
883 658 788
883 787 877
658 883 882
644 887 853
611 884 888
691 885 611
854 885 609
1015 1014 1016
1050 916 1051
853 887 803
888 887 886
915 908 888
523 1001 888
1187 889 1195
740 857 889
890 1187 1195
1018 807 655
910 891 911
910 893 909
891 903 904
27 892 904
919 929 906
856 1194 588
895 894 745
896 894 858
882 895 658
895 858 894
1139 858 590
661 896 1138
962 969 960
694 1082 970
1125 898 869
1021 898 827
756 899 46
830 899 870
1025 900 832
1035 900 871
791 1045 901
627 716 1048
915 886 916
973 976 975
903 809 904
909 903 891
27 904 26
904 892 891
857 903 909
1061 920 905
914 934 933
893 910 912
799 907 274
897 970 1082
915 888 886
1050 927 908
910 909 891
893 905 909
911 891 743
910 657 912
1137 743 815
657 910 911
918 912 657
912 929 919
919 893 912
937 935 931
934 880 879
914 906 925
644 1015 886
908 915 1050
579 1100 575
575 1051 916
917 1057 976
1059 917 532
1060 918 657
881 926 590
906 914 933
893 919 930
1061 905 893
922 920 913
922 923 921
807 1018 1020
922 913 923
922 921 1195
1148 938 913
588 923 935
1176 879 1175
913 920 1061
906 918 925
1174 925 918
914 926 848
590 926 925
927 902 1057
928 927 917
1059 928 917
418 928 511
912 918 929
906 929 918
906 932 919
1160 1161 564
938 923 913
936 931 935
1143 932 924
919 932 1150
934 914 880
932 933 924
1149 934 879
933 934 924
935 923 938
937 931 1062
1143 1149 1142
1175 879 1049
1064 937 1062
739 1070 1064
1148 913 930
935 938 936
1086 507 1087
562 939 551
969 962 897
941 942 939
1086 1085 940
942 941 940
940 944 942
947 551 942
944 945 943
637 957 954
945 944 940
946 944 943
1085 945 940
945 615 962
863 637 954
946 953 950
942 946 947
950 949 947
952 950 953
952 948 950
551 949 576
950 947 946
960 954 961
948 949 950
951 957 967
1074 959 968
956 951 967
952 951 956
943 960 961
951 952 953
951 953 954
953 946 961
1112 1107 1110
948 952 964
957 958 967
966 965 955
958 957 637
951 954 957
958 637 824
958 866 959
968 959 866
955 956 959
960 943 962
863 954 960
953 961 954
943 961 946
945 962 943
970 615 694
965 966 1173
1171 1026 1027
952 956 964
965 956 955
963 964 965
956 965 964
865 1072 968
1041 1036 1040
958 959 967
956 967 959
868 968 866
1113 1111 1163
725 969 897
960 969 863
897 962 970
615 970 962
612 971 503
76 972 75
555 972 76
612 972 971
976 532 917
902 1051 1052
1056 1055 986
568 973 975
973 532 976
974 1056 978
917 927 1057
974 975 976
1056 1054 1055
993 983 991
974 978 975
978 977 979
1092 977 1098
615 945 1085
980 505 316
368 573 980
1159 1088 1158
1141 1140 1063
533 985 984
580 982 578
994 996 718
984 983 990
533 984 982
993 999 1099
533 987 985
987 989 985
974 1054 1056
990 1058 984
988 987 533
989 987 545
633 988 533
549 988 384
989 1009 1008
991 983 985
1099 1098 986
986 1055 1058
634 995 989
996 993 995
998 1091 994
990 983 1099
995 993 991
993 992 999
277 276 1091
996 992 993
989 995 991
995 634 996
718 996 634
992 996 994
1092 1094 1093
997 1092 1098
1091 998 277
718 998 994
1094 999 992
999 997 1099
1051 1000 1053
575 1000 1051
350 1001 523
610 1001 298
1002 22 742
589 654 1002
1003 1103 1104
1003 1105 1106
1004 470 480
616 1004 696
1006 718 634
801 1005 726
634 989 1008
800 1007 641
726 1006 1007
634 1008 1006
1009 989 545
1008 1009 1196
545 560 1009
1196 1009 560
728 1067 1069
1180 1010 1068
758 1118 1011
1198 1080 1156
52 759 1012
1012 759 1104
1026 1182 833
1013 1169 1024
1016 582 583
1016 916 1015
886 1015 916
644 1014 1015
1016 1014 582
916 1016 575
1017 643 1115
874 1017 572
1019 1018 589
1018 1019 1020
589 656 1019
1019 656 1188
1195 1020 890
1194 1020 921
898 1021 753
1021 827 1124
830 1120 1022
870 682 1108
1024 1023 763
58 1023 832
1013 1024 763
1025 1024 689
1025 689 1130
832 1023 1025
765 557 1028
1133 1026 688
1172 1166 1121
1134 1041 1132
1166 1028 528
1026 1028 1027
649 1029 845
1030 1029 587
766 1030 587
613 1030 693
722 1032 635
798 1032 722
849 1032 798
635 1032 1031
1125 1033 1123
869 1126 1125
1022 1034 755
679 869 1034
871 1037 1035
1042 1037 1043
1130 1040 1037
955 1074 1073
871 1025 1130
1037 1036 1043
1131 689 1169
1081 1155 966
1073 1081 966
1042 1198 684
1130 1037 871
1041 1040 1038
1038 1132 1041
1026 1171 688
1037 1042 1035
1198 1042 1039
1076 1036 1075
1042 1043 1039
878 1044 880
791 901 1044
1135 791 792
1048 1045 627
1046 1135 1136
1046 1136 1197
901 1049 879
1048 1049 1045
526 1048 716
1049 1048 1047
1049 1047 1175
1045 1049 901
1050 902 927
915 916 1050
1000 1101 1053
902 1050 1051
1054 1052 1053
1057 974 976
1054 1053 581
1051 1053 1052
1054 581 1055
974 1052 1054
581 578 1055
1058 1055 578
1098 1056 986
978 1056 977
902 1052 1057
974 1057 1052
984 1058 578
986 1058 990
415 1059 532
928 1059 511
1137 1060 657
896 858 1139
893 930 1061
913 1061 930
936 1140 931
1064 1062 652
1159 1153 981
1141 1154 1062
652 1151 1064
1070 739 650
1115 1069 1010
13 1067 12
739 1066 14
1067 1066 1065
1069 1067 1151
728 12 1067
1064 1151 1065
1068 1151 1152
1151 1067 1065
1010 1069 1068
856 1070 650
588 937 1070
1127 1128 1114
1036 1076 1043
1073 1072 1071
1074 1072 1073
1081 1071 1075
966 955 1073
959 1074 955
968 1072 1074
1043 1076 1039
1155 1036 1041
1071 1079 1075
1163 1078 1079
1114 1077 1111
1108 682 1106
1079 1078 1076
1077 1110 1109
1075 1079 1076
1113 1163 1071
1156 1080 597
1039 1078 1080
1071 1081 1073
1155 1081 1075
275 1082 767
897 1082 907
567 1083 554
978 1083 568
1093 1087 979
979 977 1092
1086 940 941
1085 1084 1095
1087 507 554
1084 1085 1086
979 1087 554
1084 1086 1087
1158 577 572
1145 1147 1161
1144 981 1063
1089 1145 1146
615 1095 1162
994 1090 1096
1181 276 767
994 1091 1090
999 1094 997
979 1092 1093
1092 997 1094
1095 615 1085
992 1096 1094
1097 1090 1095
1094 1097 1093
1162 1095 1090
994 1096 992
1097 1096 1090
1097 1094 1096
1095 1093 1097
1056 1098 977
1099 986 990
1099 983 993
997 1098 1099
1101 1100 559
575 1100 1000
580 1101 559
1053 1101 581
756 1102 682
1103 1102 685
761 1103 685
1104 1103 598
1012 1104 598
683 1104 759
1104 683 1105
1117 1105 683
1109 597 1080
1022 1120 1107
1108 1106 1109
1107 1109 1110
1106 597 1109
870 1108 1107
1077 1109 1080
1107 1108 1109
1078 1163 1077
1107 1112 1022
1113 1071 1072
1127 1126 679
1114 1112 1110
679 1022 1112
1072 865 1113
1168 1113 865
1077 1114 1110
1114 1111 1127
1069 1115 728
1017 1115 1010
1017 1164 572
1152 1153 1180
1105 1117 597
683 1011 1117
55 1119 758
1198 1118 684
831 1119 56
1165 1119 760
830 870 1120
1107 1120 870
1167 528 571
964 1121 948
1123 1122 822
1129 1122 1033
822 595 1123
1124 595 826
827 1123 1124
595 1124 1123
898 1125 827
1126 869 679
1128 1127 679
1126 1127 1129
1168 1111 1113
1127 1168 1129
679 1112 1128
1114 1128 1112
865 868 1129
1129 868 1122
1131 1130 689
1040 1130 1038
1131 1169 1170
1132 1133 688
1133 1038 1131
1132 688 1171
1182 1131 1170
1133 1182 1026
1172 1027 1166
1173 963 965
790 1135 792
1136 1135 628
800 1136 628
537 1136 641
911 1137 657
1138 815 661
1060 1137 1138
815 1138 1137
590 925 1174
896 1139 1060
1142 1140 936
1145 1144 1146
1063 1152 1154
931 1140 1141
936 1148 1142
1150 1143 1148
1149 1143 924
1143 1142 1148
1063 1140 1144
1140 1142 1146
1147 1145 1089
981 1145 1161
1140 1146 1144
1089 1146 1142
1089 1149 1176
1177 1147 1047
938 1148 936
1148 930 1150
1149 924 934
1142 1149 1089
919 1150 930
932 1143 1150
1152 1151 652
1069 1151 1068
1154 652 1062
1153 1152 1063
981 1153 1063
1116 1164 1180
1063 1154 1141
652 1154 1152
966 1155 1041
1075 1036 1155
1117 1156 597
1011 1118 1198
1158 1157 577
1160 1157 1088
1164 1158 572
1159 1158 1116
1153 1159 1116
1088 1159 981
1157 1160 552
1161 1160 1088
981 1161 1088
1161 1147 1177
1181 1090 1091
615 1162 694
1071 1163 1079
1111 1077 1163
1164 1010 1180
1158 1164 1116
1035 1165 760
1118 1165 684
1028 1166 1027
1167 1166 528
949 1167 571
948 1121 1167
1129 1168 865
1111 1168 1127
1024 1169 689
1170 1169 1013
1013 603 1170
1182 603 833
1172 1171 1027
1132 1171 1134
963 1172 1121
1171 1172 1134
1041 1173 966
1172 1173 1134
1060 1174 918
590 1174 1139
1047 1147 1175
1147 1089 1176
879 1176 1149
1147 1176 1175
1047 1048 1178
1161 1177 564
1047 1178 1177
1048 526 1178
313 1179 526
564 1179 509
1152 1180 1068
1180 1153 1116
694 1181 767
1090 1181 1162
1131 1182 1133
603 1182 1170
160 1183 503
1184 1183 308
531 1184 308
876 846 1185
1183 1185 613
876 1185 1184
808 1186 24
1187 1186 740
889 1187 740
1188 1187 890
1019 1188 890
656 1186 1188
595 1189 820
864 1189 822
616 1190 835
1191 1190 698
516 1191 540
1192 1191 539
515 1192 539
538 513 1193
617 1193 701
836 1193 873
1020 1194 807
923 1194 921
922 1195 651
1020 1195 921
640 1196 560
1007 1196 641
715 1197 537
1045 1197 627
1080 1198 1039
1011 1198 1156
