              1               1
            1.1               1
            1.2               1
            1.3               1
            1.4               1
            1.5               1
            1.6               1
            1.7               1
            1.8               1
            1.9               1
              2               1
            2.1               1
            2.2               1
            2.3               1
            2.4               1
            2.5               1
            2.6               1
            2.7               1
            2.8               1
            2.9               1
              3               1
              3             1.1
              3             1.2
              3             1.3
              3             1.4
              3             1.5
              3             1.6
              3             1.7
              3             1.8
              3             1.9
              3               2
              3             2.1
              3             2.2
              3             2.3
              3             2.4
              3             2.5
              3             2.6
              3             2.7
              3             2.8
              3             2.9
              3               3
              3             3.1
              3             3.2
              3             3.3
              3             3.4
              3             3.5
              3             3.6
              3             3.7
              3             3.8
              3             3.9
              3               4
            2.9               4
            2.8               4
            2.7               4
            2.6               4
            2.5               4
            2.4               4
            2.3               4
            2.2               4
            2.1               4
              2               4
            1.9               4
            1.8               4
            1.7               4
            1.6               4
            1.5               4
            1.4               4
            1.3               4
            1.2               4
            1.1               4
              1               4
              1             3.9
              1             3.8
              1             3.7
              1             3.6
              1             3.5
              1             3.4
              1             3.3
              1             3.2
              1             3.1
              1               3
              1             2.9
              1             2.8
              1             2.7
              1             2.6
              1             2.5
              1             2.4
              1             2.3
              1             2.2
              1             2.1
              1               2
              1             1.9
              1             1.8
              1             1.7
              1             1.6
              1             1.5
              1             1.4
              1             1.3
              1             1.2
              1             1.1
           1.25               3
          1.275               3
            1.3               3
          1.325               3
           1.35               3
          1.375               3
            1.4               3
          1.425               3
           1.45               3
          1.475               3
            1.5               3
          1.525               3
           1.55               3
          1.575               3
            1.6               3
          1.625               3
           1.65               3
          1.675               3
            1.7               3
          1.725               3
           1.75               3
           1.75           3.025
           1.75            3.05
           1.75           3.075
           1.75             3.1
           1.75           3.125
           1.75            3.15
           1.75           3.175
           1.75             3.2
           1.75           3.225
           1.75            3.25
           1.75           3.275
           1.75             3.3
           1.75           3.325
           1.75            3.35
           1.75           3.375
           1.75             3.4
           1.75           3.425
           1.75            3.45
           1.75           3.475
           1.75             3.5
          1.725             3.5
            1.7             3.5
          1.675             3.5
           1.65             3.5
          1.625             3.5
            1.6             3.5
          1.575             3.5
           1.55             3.5
          1.525             3.5
            1.5             3.5
          1.475             3.5
           1.45             3.5
          1.425             3.5
            1.4             3.5
          1.375             3.5
           1.35             3.5
          1.325             3.5
            1.3             3.5
          1.275             3.5
           1.25             3.5
           1.25           3.475
           1.25            3.45
           1.25           3.425
           1.25             3.4
           1.25           3.375
           1.25            3.35
           1.25           3.325
           1.25             3.3
           1.25           3.275
           1.25            3.25
           1.25           3.225
           1.25             3.2
           1.25           3.175
           1.25            3.15
           1.25           3.125
           1.25             3.1
           1.25           3.075
           1.25            3.05
           1.25           3.025
           1.85            1.75
 1.849108240114   1.77496871412
 1.846437504658  1.799810193396
  1.84200140309  1.824397851344
 1.835822540765  1.848606394895
  1.82793240375   1.87231246286
 1.818371198374  1.895395254551
 1.807187646349  1.917737145352
 1.794438736491  1.939224286109
 1.780189434324  1.959747183279
 1.764512351024  1.979201256881
 1.747487373415  1.997487373415
 1.729201256881  2.014512351024
 1.709747183279  2.030189434324
 1.689224286109  2.044438736491
 1.667737145352  2.057187646349
 1.645395254551  2.068371198374
  1.62231246286   2.07793240375
 1.598606394895  2.085822540765
 1.574397851344   2.09200140309
 1.549810193396  2.096437504658
  1.52496871412  2.099108240114
            1.5             2.1
  1.47503128588  2.099108240114
 1.450189806604  2.096437504658
 1.425602148656   2.09200140309
 1.401393605105  2.085822540765
  1.37768753714   2.07793240375
 1.354604745449  2.068371198374
 1.332262854648  2.057187646349
 1.310775713891  2.044438736491
 1.290252816721  2.030189434324
 1.270798743119  2.014512351024
 1.252512626585  1.997487373415
 1.235487648976  1.979201256881
 1.219810565676  1.959747183279
 1.205561263509  1.939224286109
 1.192812353651  1.917737145352
 1.181628801626  1.895395254551
  1.17206759625   1.87231246286
 1.164177459235  1.848606394895
  1.15799859691  1.824397851344
 1.153562495342  1.799810193396
 1.150891759886   1.77496871412
           1.15            1.75
 1.150891759886   1.72503128588
 1.153562495342  1.700189806604
  1.15799859691  1.675602148656
 1.164177459235  1.651393605105
  1.17206759625   1.62768753714
 1.181628801626  1.604604745449
 1.192812353651  1.582262854648
 1.205561263509  1.560775713891
 1.219810565676  1.540252816721
 1.235487648976  1.520798743119
 1.252512626585  1.502512626585
 1.270798743119  1.485487648976
 1.290252816721  1.469810565676
 1.310775713891  1.455561263509
 1.332262854648  1.442812353651
 1.354604745449  1.431628801626
  1.37768753714   1.42206759625
 1.401393605105  1.414177459235
 1.425602148656   1.40799859691
 1.450189806604  1.403562495342
  1.47503128588  1.400891759886
            1.5             1.4
  1.52496871412  1.400891759886
 1.549810193396  1.403562495342
 1.574397851344   1.40799859691
 1.598606394895  1.414177459235
  1.62231246286   1.42206759625
 1.645395254551  1.431628801626
 1.667737145352  1.442812353651
 1.689224286109  1.455561263509
 1.709747183279  1.469810565676
 1.729201256881  1.485487648976
 1.747487373415  1.502512626585
 1.764512351024  1.520798743119
 1.780189434324  1.540252816721
 1.794438736491  1.560775713891
 1.807187646349  1.582262854648
 1.818371198374  1.604604745449
  1.82793240375   1.62768753714
 1.835822540765  1.651393605105
  1.84200140309  1.675602148656
 1.846437504658  1.700189806604
 1.849108240114   1.72503128588
            2.8             2.5
  2.78374517251  2.597409840761
 2.736742152819  2.684263813807
 2.664084447437  2.751149943479
 2.573645646142  2.790820079782
 2.475226196358  2.798975347902
 2.379491372604  2.774731997997
 2.296815528512  2.720717173202
 2.236157874638  2.642784217911
 2.204091608979  2.549378377084
 2.204091608979  2.450621622916
 2.236157874638  2.357215782089
 2.296815528512  2.279282826798
 2.379491372604  2.225268002003
 2.475226196358  2.201024652098
 2.573645646142  2.209179920218
 2.664084447437  2.248850056521
 2.736742152819  2.315736186193
  2.78374517251  2.402590159239
  1.19473992066  1.465792798006
 1.280055635946  1.572757629733
 1.095873628436  1.646852893836
 1.083183688081  1.735113367665
  1.08954486581  1.824054253903
 1.127034677058   1.93669311071
  1.19473992066  2.034207201994
 1.396852893836  1.345873628436
 1.574054253903   1.33954486581
  1.31330688929  2.122965322942
 1.574054253903   2.16045513419
         1.2625  2.932653528392
 1.182653528392          3.0375
         1.3125          3.0625
 1.182653528392          3.1625
 1.182653528392          3.2875
 1.317346471608          3.2625
 1.317346471608          3.3875
 1.182653528392          3.4375
         1.2875          3.4625
         1.5375  3.067346471608
         1.2625  3.567346471608
         1.4875  3.567346471608
         1.5625  3.432653528392
 1.712824479561  1.391303483982
 1.842599873869  1.512128656352
 1.914692311536  1.705415961862
 1.784207201994   2.05526007934
 1.895738273584  1.881714344416
         1.6625  3.067346471608
         1.7125          3.0375
 1.817346471608          3.0375
 1.817346471608          3.3375
         1.6625  3.567346471608
         1.6625  3.432653528392
         1.7125          3.4625
 1.197573548011  1.506289362483
 1.287175520439  1.391303483982
 1.235335453193  1.465730213767
 1.239029981948   1.64190267915
 1.242133919997  1.570960380869
  1.27023861932  1.536084576566
   1.3558630481  1.507070133179
 1.127034677058   1.56330688929
 1.131473480977  1.627342597132
 1.117768581117   1.68103786459
 1.111844810681  1.763862997745
 1.123662165377  1.846054505008
 1.141162723244  1.898635266717
 1.165968173266  1.948190243024
 1.197573548011  1.993710637517
 1.235335453193  2.034269786233
 1.485113367665  1.333183688081
  1.43103786459  1.367768581117
 1.377342597132  1.381473480977
 1.628847901575    1.3628740089
 1.541518350576  1.363822760553
 1.267305348482  2.085144019609
 1.351364733283  2.108837276756
         1.6375  2.932653528392
 1.455415961862  2.164692311536
 1.541518350576  2.136177239447
 1.596054505008  2.126337834623
         1.3125   2.94892607531
 1.212846626419          3.0125
 1.212846626419          3.0625
            1.3          3.1125
          1.285          3.0375
         1.3375           3.035
 1.212846626419          3.1875
 1.212846626419          3.1375
 1.212846626419          3.3125
 1.212846626419          3.2625
  1.30107392469          3.3125
 1.287153373581          3.2375
         1.3625  3.435382928328
 1.287153373581          3.4125
 1.287153373581          3.3625
  1.19892607531          3.3875
 1.212846626419          3.4625
         1.5625  3.037153373581
 1.682653528392          3.2125
         1.4375  3.067346471608
         1.5125  3.037153373581
         1.2875  3.537153373581
         1.3875  3.567346471608
         1.4375   3.55107392469
         1.5125  3.537153373581
         1.6125   3.44892607531
         1.5375  3.462846626419
 1.673855719318  1.402680518021
 1.756010672829  1.432310135316
 1.834031826734  1.551809756976
 1.802426451989  1.506289362483
 1.907745317118  1.764562660934
 1.882231418883   1.68103786459
 1.784269786233  2.014664546807
 1.712824479561  2.108696516018
 1.743710637517  2.052426451989
 1.858696516018  1.962824479561
 1.858837276756  1.898635266717
 1.876337834623  1.846054505008
 1.704821915962          3.0875
         1.6375  3.037153373581
 1.787153373581          3.0625
 1.787153373581          3.0125
 1.817346471608          3.1875
 1.787153373581          3.3625
 1.787153373581          3.3125
 1.817346471608          3.4875
         1.5875  3.567346471608
         1.6375  3.537153373581
         1.6875  3.537153373581
 1.704821915962          3.4125
 1.326144280682  1.402680518021
 1.278485165319  1.430957978132
 1.217708071805  1.760082081785
 1.205166677882  1.674748281436
 1.219278630438   1.60948091551
 1.307559710389  1.511196168539
  1.35948091551  1.469278630438
 1.449846209164  1.472016226442
 1.165968173266  1.551809756976
 1.595068089825  1.377526901906
 1.303845037517  2.080601544462
         1.7375  2.932653528392
         1.6875   2.94892607531
         1.6125  2.962846626419
         1.5125  2.932653528392
 1.399097640111  2.145331542498
 1.486137002255  2.138155189319
         1.3875  2.932653528392
      1.2984375          3.1625
         1.3875  3.050982142857
         1.3875  3.464064326723
         1.3375  3.464064326723
  1.69892607531          3.1625
 1.712846626419          3.2375
         1.4625  3.037153373581
         1.3375  3.550118237047
         1.4875  3.449881762953
 1.719240026266  1.434234325187
  1.76194661986  1.468649473342
 1.877795998867  1.593511773459
 1.884169096502  1.736279365921
 1.882211458846  1.791091985031
 1.656136863889  2.126947734388
 1.819042021868  1.971514834681
 1.800118237047          3.1125
  1.80107392469          3.2375
 1.787153373581          3.1625
 1.800118237047          3.4125
 1.787153373581          3.4625
         1.5625  3.537153373581
         1.7375  3.550118237047
 1.682653528392          3.3375
 1.239029981948   1.85809732085
 1.200549483259   1.80402681743
 1.186273123156  1.738795216177
 1.403146508617  1.459001827853
  1.46644274554  1.437871803408
 1.550153790836  1.472016226442
         1.5625  2.949881762953
         1.4875  2.962846626419
 1.431746059354  2.128306159206
         1.4125  2.962846626419
         1.3625  2.962846626419
 1.699881762953          3.2875
         1.4375  3.451558674339
 1.865117274025   1.62847730282
 1.672070337973  2.093752744421
 1.712846626419          3.3625
 1.307518571698  1.956739645099
 1.238310358118  1.905267640897
  1.20213801843  1.849137986513
 1.510946585377  1.443502516724
 1.577636163814  1.445824513639
   1.6441369519  1.507070133179
  1.39190267915  2.010970018052
 1.326459237953  1.999946219988
  1.27023861932  1.963915423434
 1.617366291701  1.466652706809
 1.679039619131  1.492133919997
 1.719944364054  1.572757629733
 1.510082081785  2.032291928195
 1.424748281436  2.044833322118
  1.35948091551  2.030721369562
  1.70898604409  1.525533146408
 1.757866080003  1.570960380869
 1.768016670931  1.660795486662
  1.60809732085  2.010970018052
  1.55402681743  2.049450516741
 1.488795216177  2.063726876844
 1.774252541377  1.612718979701
 1.804175486361  1.672363836186
 1.782291928195  1.760082081785
 1.706739645099  1.942481428302
 1.655267640897  2.011689641882
 1.599137986513   2.04786198157
 1.804935642357  1.717216025158
 1.812128196592   1.78355725446
 1.749946219988  1.923540762047
 1.713915423434   1.97976138068
 1.797166191121  1.825847147874
 1.775234670052  1.887772638812
 1.826897038937  1.439385491588
 1.944561818697  1.825550223419
 1.214930524837  1.396250361403
 1.070016825326  1.891791871496
 1.126815051426  2.009106940537
 1.326140631753  1.330266355233
 1.516215613449  2.204026944528
 1.130403605797  2.943664055239
  1.15634988724             3.1
  1.15634988724           3.225
 1.162948699634  3.342030456421
 1.130403605797  3.531335944761
 1.853749638597  2.035069475163
            1.6   3.09365011276
 1.126815051426  1.490893059463
 1.869596394202  2.943664055239
 1.338016583179  3.206803748435
 1.942874120675   1.63408934227
 1.837051300366  3.282969543579
           1.45   2.90634988724
 1.695583676533  1.858282190234
 1.270931238883   1.70867144839
 1.457982637399   3.31602727543
 1.308800226556  1.882752375244
  1.45867144839  1.979068761117
 1.632752375244  1.941199773444
 1.368581238637   3.13966757777
 1.664296496649  1.203603083865
 1.188420865643  2.227976329755
         1.4375  3.636026691982
         1.6875  2.863973308018
          1.325  2.825565061101
 1.610567259316  3.369911962533
 1.800835117342   1.34185911397
   2.0070173785  1.746241200362
 1.096218616762  3.287091794074
 1.974096239392  3.363316799409
 1.379614836835  3.310413255726
 1.375101621694  2.306725537289
 1.326001622039  3.664658407955
 1.574600435525  2.833594292976
 1.733646878115  2.270530561178
 1.616499553993  3.286737555577
 1.397945136714  1.172932434773
 1.088095346869  3.034489460706
 2.050840899111  2.012273166954
   1.3011870763   1.79324910427
 1.389999768373  1.921163701445
  1.54324910427    1.9488129237
  1.44165852866  3.213462581711
 1.121186414196  2.128796129665
  1.44259481918  2.251166399183
 1.613861495611  2.273470916534
 1.860055750575  2.186647301086
 1.378885566201  1.259286106409
 1.950179687697  2.005380527958
 1.531864918358  3.168140820048
 1.838276557831  2.111633293711
          1.625  3.769385886432
 1.971981814974          3.1125
 1.980907835523   1.50061625848
 1.509731174762  3.374797579412
 1.812965800802  2.825173145609
 1.081966417296  3.372398398595
 1.078596461446   3.20986382942
  1.89881083997  3.429308089606
 1.414107267085  3.378709915985
 1.510051686891  2.401887860074
 1.951950146328  2.119298505794
          1.625  3.664886041243
 1.886050026011  3.132239373554
 1.942705062623  1.561885693318
 2.068366654918  1.597693490913
 1.907891264831  1.459967969235
  1.53676816629  3.298822906176
 1.756864021846   2.86601589382
  1.72516991657  2.763528531596
 1.455637315205  2.335785323939
 1.531072697781  3.651608304095
 1.955590084143  3.238055496994
 2.053900304479  1.283595777655
 1.567457184206  3.232238412012
 1.541138268232  2.320850252904
 1.362435761346   2.46795481499
  1.94047019361  3.172233791006
 1.997263772035   1.38533204877
 1.650564239194  2.409308121479
 1.390896786585  2.389078516507
 1.581510899311   2.38281878718
 1.575187985163  2.502551604705
 1.234891501542  2.377359912024
  1.31456104876  2.361028351645
 1.258125700117  2.288212262019
           1.05            1.05
           1.15             1.1
           1.15            3.85
           2.55  1.269385886432
           2.85            1.15
 2.546405062567  1.939974178936
 2.821352572706  2.150918050333
 2.867952993771  2.300873797649
 2.892270791175  2.434541582349
 2.867952993771  2.699126202351
 2.725730795118  3.014614378176
            2.9            2.55
           2.65  3.730614113568
           2.85            3.85
           2.95            3.95
          2.875           3.925
       2.928125        3.865625
 1.054374454274            1.55
           1.95  3.730614113568
 1.106625679325            1.35
 1.138243356736  1.417362377233
 1.064737213756  1.443591333542
 1.060143884377            2.05
 1.055770101264            2.95
 1.089253880314            2.85
 1.197223988791  2.947422923632
  1.20501951555  2.830242401523
 1.056951827644            3.55
 1.124356643858  3.661403885409
 1.802776011209  2.947422923632
 2.080316150852  2.826653051501
  1.64783880513  1.728743988812
 1.413321286465   1.64996743206
 1.538068501945  1.217732793364
           1.65  1.096164077755
 1.698681911073  1.294836495464
 1.088863472064            2.25
           1.85  1.170808433531
 1.334295300301  2.218177605345
           1.35  3.835198036686
           1.35  1.085884302647
  1.07817494362  3.113137402541
 2.083027905589  1.870345478604
 2.232976217611  2.091289674907
 1.387462027236  3.247107272111
 1.441696427515  3.140344271266
 1.195314267392  2.110546337762
 1.052133529928            2.15
 1.638585336848  2.201244015738
 2.019486340215  2.335039452234
           1.75  3.856236315395
           1.55   3.87791755564
 2.362050621438  3.044749776543
 1.895799663894  3.349932940977
 1.915102983406  2.062898420018
 1.996894857948  2.061627249892
 2.108303568208   2.12924188765
 1.882424173009  3.223836321739
           2.05  1.137417027368
 1.175567478882            2.55
          1.075            1.15
  1.24165019794  1.212394771966
           1.15  3.933333333333
 1.072619047619  3.927380952381
 1.253631487652  3.891666666667
           2.55  1.130052759513
 2.741531713311            1.45
           2.35  1.204295698759
           2.85  1.066666666667
 2.927380952381  1.072619047619
 2.741666666667  1.108333333333
            2.9            1.25
 2.736175895964            1.75
 2.535042072486  2.077105075817
 2.917670949589            2.15
 2.756258968694  2.221628553778
 2.804690816751            1.95
 2.934304471919            2.35
 2.805343733146   2.33475623511
 2.933642739651            2.25
 2.858981962489  2.221442971713
 2.830257885514  2.444889706069
 2.956629473045            2.45
 2.805343733146   2.66524376489
  2.86951374554   2.62145507673
 2.934227666602  2.661606705698
 2.933642739651            2.75
 2.799311655055   2.85560508668
 2.853242562512  2.785967910575
 2.899691234311  2.877642486066
 2.762990318787  2.771773683841
 2.934079772759  2.818452853616
  2.53957094166  2.977550247055
 2.865140275208            3.05
 2.730614113568            3.35
         2.9625            2.55
  2.83458391012  2.555832179761
 2.819287663848            3.65
           2.65  3.869947240487
           2.45  3.795704301241
            2.9            3.75
           1.95  3.869947240487
 1.858829542767  3.622612845427
 2.075003722249  3.554375816257
           2.15  3.795704301241
 1.041589584928            1.35
 1.153538122496  2.877629047774
  1.05264947279            3.65
 1.083686105328            3.75
 2.177479370803  2.751027881852
 1.613996256729  1.618441306624
 1.721175095417  1.718199822107
 1.693426581419  1.785509302745
 1.585977370458  1.825112668419
 1.359984432292  1.588413421033
 1.449559607816  1.564681418735
 1.335581280775  1.663444201319
 1.533230015307  1.285383676264
 1.460479890211  1.246182015479
 1.613175255701  1.267590915035
 1.129091867369  2.195816290565
 1.156523233332   2.31981902341
           1.85   1.07808607694
 1.762694809761  1.218613804823
 1.396490681226  2.208258883303
 1.258793752011  2.184901556802
           1.35  3.925183879438
 1.463871067457  3.766417967477
 1.450403846655  1.087310876234
 1.119309591726  3.161322276417
  2.00607848084  1.927508140201
 2.022077042331   1.82234690116
 2.289032316086  2.177089920961
  2.12524109761  2.371345106305
           1.75  3.936812982148
 1.653192314729  3.896524648772
 1.847708022062  3.896524648772
  1.75397541357  3.717135963837
 1.717836293086  3.636379427029
           1.55  3.949197760227
 2.395829638931  2.911359453057
  2.17099256053  2.243923231053
           2.05  1.059612115487
 2.152305732351  1.098514571427
 1.952740194228  1.098514571427
 1.080663969835            2.55
 1.302762308621  1.257806760868
 1.221501195513  1.303335899413
 1.155318490708  1.189227736062
 1.312390584752    1.1633270359
 1.233658626255  1.125346749394
           1.25  3.957310928552
           2.55  1.055414895889
  2.64367933321  1.089675743751
           2.45  1.093860831359
  2.87560203991            1.45
           2.75  1.042948717949
         2.9625            1.25
  2.87282595327            1.75
 2.528955154589  2.150563250526
 2.671560345209  2.108881808426
 2.603322722007  2.140208753312
 2.908745517061            1.95
 2.807701736446  2.266520634963
 2.668794359978  2.884812380404
 2.936209671165            2.95
 2.531454139182  2.879595008538
 2.941839027941            3.05
 2.903489651575  3.151145242285
 2.830449644814  2.953404064817
 2.869947240487            3.35
 2.916560902593            3.65
           2.65  3.944585104111
           2.55  3.906139168641
           2.75  3.906139168641
           2.35  3.879496404402
 2.936298076923  3.802403846154
           1.95  3.944585104111
           2.05  3.906139168641
 1.812105597167  3.563033681725
  1.91198077532  3.532819083885
 1.073824167202  3.828527498394
 2.230512594187  2.709750467235
 1.655944986069  1.570029892258
 1.575268891236  1.548196292891
 1.630854452355  1.874497419561
 1.515014713343   1.64283541949
 1.130147259242  2.437879575442
 1.073185345821            2.35
 1.724196578076  1.140961716616
 1.842830435354  1.261338735067
 1.764899157071  1.285455863293
 1.444952013461  3.880190958062
 1.475565257825  3.696190513912
 1.550409298656  3.732529592835
  1.39275839514  3.718488993577
 1.560876307842  3.805253617271
 1.398451453427   3.78676190862
 1.309038289702  3.754003835352
 1.478261236049  1.163259581076
 1.550109421349  1.093822941682
 1.937384567944   1.93719687737
 2.382625431495  2.054730725313
 2.452763586823  2.107268561669
 2.373602687692  2.139862345827
 2.312022675336  2.090291786639
 2.270339152993  1.919665813526
 2.310884910209  2.000165160375
  1.67977039499  3.823935981214
           1.65  3.960293252994
           1.85   3.96031711235
 1.678904083381  3.717135963837
 1.790559469364  3.652299816321
 1.858555764141  3.715325864366
 2.413924357371  2.839905025862
 2.206838857357  2.169577826151
 2.242111106807  2.232399161818
 1.963410327814  1.212868799735
 1.128115724358  2.672206566068
 1.172133437222  1.346534300527
 1.135287540342  1.270920882357
           1.25  1.053766245015
 2.670071444545  1.217705088534
  2.94784941624            1.45
 2.907655831101            1.55
 2.946242026131            1.75
  2.74257862777  2.143718219148
 2.680940767151  2.179566602808
 2.749788002082  2.039213096737
 2.913280657912  2.049996767896
 2.856718166906  1.856118460956
 2.926999512183  1.824587968785
 2.639889834162  2.818916698906
 2.726685819139  2.837287316429
 2.598561222203  2.923348265075
 2.666193536492  2.963341524244
 2.746404813656  2.926690418128
 2.615452242283  3.082464850633
 2.472613802071  2.933784565851
 2.457784795433  3.029573194035
 2.884514541538  2.988514878844
 2.798731429344  3.019322285321
 2.783900273726  3.138645007344
 2.944585104111            3.35
 2.907266172299  3.254038569301
 2.906139168641            3.45
           2.35   3.95012133666
           2.25  3.908628798822
 1.965445376148  3.625093823874
 1.515024121121  1.576340741372
  1.57901613914  1.689516787811
 1.476574467434  1.762752574315
 1.169240134416     2.384636725
 1.128115724358  2.503962679992
 1.056033503374            2.45
           1.75  1.063974895338
 1.794556875576  1.124447255235
 1.903359871579  1.344119294362
           1.45  3.950422403409
 1.494691703441  3.830002560222
 1.277006409885  3.821093116511
  1.19913851348  3.742723494807
 1.598585614081  1.157676286034
 2.410604164423  1.899478078751
 1.891352572411  3.800280677028
 1.987373781602  1.152957907101
 1.896253369399  1.220020526312
 1.056225613509            2.65
 1.128115724358  2.601890729733
 1.083505064631  2.755599530628
 1.060021794503            1.25
 2.619086812262  1.161480195297
 2.808566876611  1.526624538917
 2.643623918282  1.998759934804
 2.832585551111  2.028667230839
 2.858821609676  2.092719401999
 2.935085707264  1.889799402186
 2.401451299828  2.983755217162
 2.291394882568   2.95588514723
 2.535039401197  3.060726295008
 2.518117995835  3.282916456564
 2.447752273845  3.165818167202
 2.474575299523  3.099301441436
  2.55449252938  3.170194838711
 2.800280677028  3.267669723133
 2.867924283221  3.552262858191
 2.269790135851  3.790364073735
            1.5  1.513204656128
 1.467486545445  1.693719663789
 1.975764794629  1.306730678014
 1.934428077914  1.400917028509
  1.25923071545  3.698264189794
 2.386440823676  1.975270907302
 2.341873857778  1.919314469047
 2.305160032948  1.726785742696
 2.349868199138  1.818025113843
 2.466755029552  1.959127553796
 2.520359246406  2.006852191619
 2.452700389177  2.034266697858
 1.171285520093    2.7489286475
  1.14179418641  2.808817839635
 1.255167417001  2.651223805074
 1.195457561061  2.684821202801
 1.269539478237   2.74662344725
 2.808566876611  1.458989332041
 2.792106964385  1.327292372217
 2.834071377844  1.640218113388
 2.918440547134  1.666209778826
 2.649213884068  1.598399683195
 2.686197724007  2.046564020531
 2.609155135044   2.06540484736
 2.719528857048  1.959090779081
 2.279201265047  2.837957622858
 2.846624913773  3.204748332469
 2.943407024946            3.55
 2.288406737162  3.854267510723
 2.241018132291  1.814789289181
 1.456400510817  2.669690222226
 2.848932530191  1.577221450207
 2.937112382935  1.605871639341
 2.717963930271  1.538253538902
 2.528744089342  1.748015650362
 2.314863730013  2.783372156651
 1.373118613118  2.732806540359
 2.771251878516  1.594662632824
 2.761569439428  1.674105140808
 2.804500924617  1.730665142783
 2.671712758222  1.686235755724
 2.584814873581  1.455422958575
 2.448905765004  1.807547647767
   1.3148330604  2.691017514657
 1.345183315844  2.580883734051
  1.47505573678  2.780809103637
 2.632060294793  1.790789801261
 2.577126504987  1.663664126295
 2.663998839485  1.476568745497
 2.656215478494  1.346883101767
 2.638554001229  1.413019482445
  2.55661084184  1.364424891241
 2.421669428921  1.687719452527
 2.538157326764  1.843941299181
 2.481788205984  1.888722648756
 1.436649103896  2.730131602708
 1.400888393748  2.806072212617
  2.61278967981  1.723685171623
 2.547323375728  1.558301266704
 2.420946545523  1.326112172863
 2.499302892078  1.675077369885
 2.461843917717  1.741597434225
 2.377111805863  1.748102084974
 2.495656212501  1.320915424503
 2.465538784012  1.427560421672
 2.454481335352  1.223071173817
  2.52957233746  1.422675058783
 1.916016077258  3.030976484794
 2.000030873925  2.930314254423
 1.937531301297  2.963542173601
  2.01157948462  3.025344331596
 2.144140320085  2.961017997741
  2.06681257115  2.970415317989
 2.065026514758  2.897732225441
 2.119156110608  3.078282546013
  2.04504091076  3.093120043658
 2.111875241657  3.234439877292
 2.032563865459  3.185726419068
 2.105502594446  3.155894349579
  2.25165925377  3.141599449617
 2.182535080154  3.189175740627
 2.182755230747  3.115491777041
 2.249250592893  3.043976000184
  2.32590441912  3.323474979176
 2.268900433895  3.240653193623
 2.305327713654  3.091433849945
 2.379245905603  3.123444966118
 2.365962526843  3.221485738598
 2.218346669701  2.975064263599
 2.177277920421  3.034867217806
 2.197221493309  2.883629447982
 2.185580957407  3.359027766062
 2.187075508384  3.274047642109
 2.249763820135  3.317653349891
 2.279179674471  3.433754923669
 2.320124396606  3.165354950189
 2.443777823091  3.247897395263
 2.259807007365  2.899557142184
 2.211955753112  2.813665350246
 1.100940682691  3.453465412946
 1.038146316746            3.45
  1.64651363673   2.79131606284
  1.63742425948  2.640370115567
 1.663626477607  2.714538957098
 1.564058311455  2.732641911713
 1.779758553269  2.631799298561
  1.73356389475   2.68983160801
 1.833632619903  2.722085931452
  1.61617876764  3.170564098192
 2.204457145544  1.434043598081
 1.675172534704  2.329781965288
 1.825811018586  2.419965441182
 1.739487987892  2.393253944608
 1.806804244223  2.328549280158
  1.74933763628  2.514263013854
    1.810355419  2.248939101609
 1.751249290208  2.186009163633
 1.918204080699   2.28401464193
 1.768670934143  2.451783966293
 1.884048364067  2.360173058656
 1.982750502926  2.514565790283
 1.915343865797  2.448912216228
   2.0984496336             2.5
 1.958485674225  2.383809414309
 2.041947091589  2.425667286057
 1.873336122179  2.559471680701
 2.162810655991             2.5
  1.91830816911  2.513298802955
 1.466135718768  2.501710165049
 1.266383308806   2.86313728354
 2.931845238095  1.154464285714
 2.789013990335  3.757006995167
 1.688594339145  1.645749216952
 2.174699356968  2.317178758547
 2.092319266604  2.284625718794
 2.102084453292  2.207116195046
 2.005437190687  2.234309808258
 1.933233885199  2.208991829865
 2.135494431445  1.208277295163
 2.568237049088  3.800280677028
 2.809624819398  3.934624819398
 2.031762950912  3.800280677028
 1.217308304089   2.46783057848
 1.264383237932  2.543430499122
 1.289865857361  2.475106468109
 2.037847776464  1.210882678539
 2.767337227738  1.203256541213
 2.836218790812  1.219390604594
 2.728367193261  1.275529940212
 2.846842757301  3.114780266526
 2.800280677028  3.431762950912
 2.149928160452  3.913155085713
 2.103842855293  3.854401483125
 2.197411584162  3.854458715056
 1.992973913858  3.547517361759
 2.042481060116   3.44937603992
 1.971130479219  3.435873229515
 1.208078106784  3.811710635556
 1.143671614817  3.782208935552
 1.819706493513    3.8258086503
 1.807010564461  3.759272642636
 2.673824064852  3.188068971311
 2.800280677028  3.338310227428
 2.359989410758  3.789850519923
 2.313881955862  3.613096825223
 2.314418576053  3.707347419704
 2.183543194258  3.660965739967
 2.442185968361  3.659493145172
 2.257348542495  3.660545525747
 2.219863559595  3.558480411549
 2.409095528592  3.729721157939
 2.369495560996  3.659907011424
 2.294253005426  1.856443062672
  2.17830162699  1.888860353278
 2.194600810168  1.993056322617
 2.168961479598  1.694893502169
 2.109210663806  1.774398941326
 2.183301828128  1.767875740952
 1.381046278543  2.650015510469
 1.431109491526  2.580176534935
 1.534378323858   2.59932884511
 1.520397124476  2.536440098292
 1.604925208613  2.572084455064
 1.662399202357   2.50637915405
 1.699315461917  2.582583131751
 1.528044455484  2.670699394695
 1.701786805245  2.452320012522
  1.50142193928  2.851342069277
 2.716739451634  1.853660619329
 2.616277383667   1.53259003759
 2.393860104808  1.260319401383
 2.292898672715  1.340356581019
   2.4119119866  1.159864701336
 2.323802968291   1.10244081485
           2.35  1.042367903019
           2.25  1.065603727847
 2.241113668943  1.175757990659
 2.213286601957  1.118077564908
 2.524791868231  1.199719322972
 2.451217124778  3.441607411986
  2.44349868176  3.344905974523
 2.372853245078  3.399203450344
 2.391615659255   3.29625199034
 2.362746273721  3.511492918249
 2.405409269011  3.583913285646
  2.56034386301  3.555260644514
 2.486841454614  3.591026468796
 2.451985690011  3.520380456985
 2.567040591024  3.662433478572
 2.339410779955  3.452792943743
 2.254312538454  2.767614954401
 1.788513566908  2.766655748364
 1.946793342459  2.798387515639
 2.001871126009  2.852866572825
 1.922112077126  2.878421102331
 1.881968877351   2.82221901169
 2.089679472915  1.457245871061
 2.314051825815  1.560035080052
  2.09820991897  2.638029659269
 2.168096018991  2.613942780602
 1.863289742211  2.643172861793
 1.923521082186  2.710838420524
  1.96247845647  2.615521451999
 2.031218713363  2.729077943974
 2.038390862134  2.578251616193
 1.984138212291  2.679993791599
 1.801653287913  2.563427534627
  1.83383212735  2.495081143385
 1.446392432083  2.433452895656
 1.520938714894  2.466248894311
 2.842026812921  3.714219107598
 2.846544243783  3.785772121892
 2.774653014464  3.832919315533
 2.712292965188  3.781807583605
 2.731084243803  3.682832008923
 2.731011867974   3.54774201596
 2.756149174389  3.615273564264
 2.656035081459  3.616559033541
 2.644683918197  3.528939369555
 2.569725045088   3.43703621189
 2.706167862226  3.454228842661
 2.508505955587  3.388376023744
 2.636221682391  3.459320522653
 2.112815014207  1.148634932394
 2.165420130003  1.322552020874
 2.638798410178  3.800280677028
 2.507326677853  3.844287346704
           2.45  3.919618676259
  2.84550373051  3.485612719617
 2.079605453318   3.34967630734
 2.618570418128  3.149675640651
 2.702011004045   3.10355453245
 2.762535746469  3.075406438156
 2.749178544279  3.208605272901
 2.691179022209  3.272906294215
 2.628559122903  3.353570524034
 2.681040960414  3.393354195887
 2.604191825337  3.270015984237
 2.207462381186  3.738465000182
 2.087420780798  3.708580617547
 2.146478091562  3.590151469058
 2.081097109166  3.631487488529
  2.14977834872  3.473678423368
 2.250842410749  2.027697687107
 2.156700428939  2.064474777833
 2.787459624733  1.813268221487
 2.780717471895  1.883569522703
 2.634905681327  1.903395702492
 2.365570963216  1.410977399554
 2.358314101499   1.34574297943
 2.401055758585  1.506674265476
  2.44612988164  1.593238281463
 2.284847072997  1.421344159766
 2.256047504244   1.49982895706
 2.329542046475  1.482271057838
 2.214251388993  1.598141126963
 2.482972048992  1.507605579249
 2.368310281282   1.62349827961
 2.508792555473  1.610718189098
 2.302870601711  1.162120984921
 2.278690365038  1.254381275978
 2.232694379596  1.306144275283
 2.334805625553  1.285853362307
 2.293140936514  3.540569756946
 2.579980413376  3.731249957749
 2.022867621643  1.447766945887
 2.085206002314  1.367656544884
 2.150715684745  1.390280436173
 2.053077517989  1.523532464402
 2.146956843735  1.532121819205
 2.108043628521  2.715434499672
 2.520711055176  3.492631339002
 2.120032143613  1.273382242068
 2.416809647713   3.85766148875
 2.030965901745  3.388326509162
 2.018608606037  3.292742819819
 2.559511406815  3.339857055759
 2.089907595304  3.772830937561
 2.020490168271  3.730697667781
 2.089122185369  3.492466081549
  2.10635146007  3.416397227474
 2.206711986164  3.428541941957
 2.602380026957  1.847878678242
 2.246144513118  1.672046658349
 2.299225574556   1.62763690863
 2.141232250672    1.6229370954
 2.077714364971  1.688496325556
 2.005754084827  1.672544992669
 2.202690060611  1.238741872537
 2.167873255196  2.682323254257
 2.021346652734  3.663103579923
 1.182927410677  3.598952352553
 1.242252196808   3.63234052181
 1.190411931155  3.675703825786
 2.908679548672  1.352546967552
 2.840871388527  1.383871621815
 2.857914386497  1.305202916532
  2.60715960591  3.008564110259
 1.551233408737   1.75891972808
 1.492455456301  1.862038216318
 1.403040013165  1.825427518866
 1.373119292497  1.742849731328
  2.62495050529  1.278197420402
 2.729368852054  1.373210570518
 2.028251642166  2.153756774041
 2.116006914074   1.95243821011
 2.495785318721  3.724748020772
