-0.1905918831834
-0.1874542680333
-0.177150650186
-0.1591234132002
-0.1340218162701
-0.1027754290174
-0.06394116726713
-0.0212189755009
0.02190787240996
0.06321566519935
0.1020143485445
0.1345632268093
0.1600804593117
0.1780080995019
0.1888188459658
0.1924812332027
0.1893984163417
0.1790391816384
0.1616301114708
0.1369701565299
0.1049824623976
0.06704772474953
0.02515603565923
-0.01914383385332
-0.06127059997153
-0.09997272257164
-0.1331249831985
-0.1578549051922
-0.1754454077193
-0.1870633987636
              1
              1
              1
              1
              1
              1
              1
              1
              1
              1
              1
              1
              1
              1
              1
              1
              1
              1
              1
              1
              1
              1
              1
              1
              1
              1
              1
              1
              1
              1
              1
              1
              1
              1
              1
              1
              1
              1
              1
              1
              1
              1
              1
              1
              1
              1
              1
              1
              1
              1
              1
              1
              1
              1
              1
              1
              1
              1
              1
              1
              1
              1
              1
              1
              1
              1
              1
              1
              1
              1
              1
              1
              1
              1
              1
              1
              1
              1
              1
              1
              1
              1
              1
              1
              1
              1
              1
              1
              1
              1
              1
              1
              1
              1
              1
              1
              1
              1
              1
              1
              1
              1
              1
              1
              1
              1
              1
              1
              1
              1
              1
              1
              1
              1
              1
              1
              1
              1
              1
              1
              1
              1
              1
              1
              1
              1
              1
              1
              1
              1
              1
              1
              1
              1
              1
              1
              1
              1
              1
              1
              1
              1
              1
              1
              1
              1
              1
              1
              1
              1
              1
              1
              1
              1
              1
              1
              1
              1
              1
              1
              1
              1
              1
              1
              1
              1
              1
              1
              1
              1
              1
              1
              1
              1
              1
              1
              1
              1
              1
              1
              1
              1
              1
              1
              1
              1
              1
              1
              1
              1
              1
              1
              1
              1
              1
              1
              1
              1
              1
              1
              1
              1
              1
              1
              1
              1
              1
              1
              1
              1
              1
              1
              1
              1
              1
              1
              1
              1
              1
              1
              1
              1
              1
              1
              1
              1
              1
              1
              1
              1
              1
              1
              1
              1
              1
              1
              1
              1
              1
              1
              1
              1
              1
              1
              1
              1
              1
              1
              1
              1
              1
              1
              1
              1
              1
              1
              1
              1
              1
              1
              1
              1
              1
              1
              1
              1
              1
              1
              1
              1
              1
              1
              1
              1
              1
              1
              1
              1
              1
              1
              1
              1
              1
              1
              1
              1
              1
              1
              1
              1
              1
              1
              1
              1
              1
              1
              1
              1
              1
              1
              1
              1
              1
              1
              1
              1
              1
              1
              1
              1
              1
              1
             -1
             -1
             -1
             -1
             -1
             -1
             -1
             -1
             -1
             -1
             -1
             -1
             -1
             -1
             -1
             -1
             -1
             -1
             -1
             -1
             -1
             -1
             -1
             -1
             -1
             -1
             -1
             -1
             -1
             -1
             -1
             -1
             -1
             -1
             -1
             -1
             -1
             -1
             -1
             -1
             -1
             -1
             -1
             -1
             -1
             -1
             -1
             -1
             -1
             -1
             -1
             -1
             -1
             -1
             -1
             -1
             -1
             -1
             -1
             -1
             -1
             -1
             -1
             -1
             -1
             -1
             -1
             -1
             -1
             -1
             -1
             -1
             -1
             -1
             -1
             -1
             -1
             -1
             -1
             -1
             -1
             -1
             -1
             -1
             -1
             -1
             -1
             -1
             -1
             -1
             -1
             -1
             -1
             -1
             -1
             -1
             -1
             -1
             -1
             -1
             -1
             -1
             -1
             -1
             -1
             -1
             -1
             -1
             -1
             -1
             -1
             -1
             -1
             -1
             -1
             -1
             -1
             -1
             -1
             -1
             -1
             -1
             -1
             -1
             -1
             -1
             -1
             -1
             -1
             -1
             -1
             -1
             -1
             -1
             -1
             -1
             -1
             -1
             -1
             -1
             -1
             -1
             -1
             -1
             -1
             -1
             -1
             -1
             -1
             -1
             -1
             -1
             -1
             -1
             -1
             -1
             -1
             -1
             -1
             -1
             -1
             -1
             -1
             -1
             -1
             -1
             -1
             -1
             -1
             -1
             -1
             -1
             -1
             -1
             -1
             -1
             -1
             -1
             -1
             -1
             -1
             -1
             -1
             -1
             -1
             -1
             -1
             -1
             -1
             -1
             -1
             -1
             -1
             -1
             -1
             -1
             -1
             -1
             -1
             -1
             -1
             -1
             -1
             -1
             -1
             -1
             -1
             -1
             -1
             -1
             -1
             -1
             -1
             -1
             -1
             -1
             -1
             -1
             -1
             -1
             -1
             -1
             -1
             -1
             -1
             -1
             -1
             -1
             -1
             -1
             -1
             -1
             -1
             -1
             -1
             -1
             -1
             -1
             -1
             -1
             -1
             -1
             -1
             -1
             -1
             -1
             -1
             -1
             -1
             -1
             -1
             -1
             -1
             -1
             -1
             -1
             -1
             -1
             -1
             -1
             -1
             -1
             -1
             -1
             -1
             -1
             -1
             -1
             -1
             -1
             -1
             -1
             -1
             -1
             -1
             -1
             -1
             -1
             -1
             -1
             -1
             -1
             -1
             -1
             -1
             -1
             -1
             -1
             -1
             -1
             -1
             -1
             -1
             -1
             -1
             -1
             -1
             -1
             -1
             -1
             -1
             -1
             -1
             -1
             -1
             -1
             -1
             -1
             -1
             -1
             -1
             -1
              1
              1
              1
              1
              1
              1
              1
              1
              1
              1
              1
              1
              1
              1
              1
              1
              1
              1
              1
              1
              1
              1
              1
              1
              1
              1
              1
              1
              1
              1
              1
              1
              1
              1
              1
              1
              1
              1
              1
              1
              1
              1
              1
              1
              1
              1
              1
              1
              1
              1
              1
              1
              1
              1
              1
              1
              1
              1
              1
              1
              1
              1
              1
              1
              1
              1
              1
              1
              1
              1
              1
              1
              1
              1
              1
              1
              1
              1
              1
              1
              1
              1
              1
              1
              1
              1
              1
              1
              1
              1
              1
              1
              1
              1
              1
              1
              1
              1
              1
              1
              1
              1
              1
              1
              1
              1
              1
              1
              1
              1
              1
              1
              1
              1
              1
              1
              1
              1
              1
              1
              1
              1
              1
              1
              1
              1
              1
              1
              1
              1
              1
              1
              1
              1
              1
              1
              1
              1
              1
              1
              1
              1
              1
              1
              1
              1
              1
              1
              1
              1
              1
              1
              1
              1
              1
              1
              1
              1
              1
              1
              1
              1
              1
              1
              1
              1
              1
              1
              1
              1
              1
              1
              1
              1
              1
              1
              1
              1
              1
              1
              1
              1
              1
              1
              1
              1
              1
              1
              1
              1
              1
              1
              1
              1
              1
              1
              1
              1
              1
              1
              1
              1
              1
              1
              1
              1
              1
              1
              1
              1
              1
              1
              1
              1
              1
              1
              1
              1
              1
              1
              1
              1
              1
              1
              1
              1
              1
              1
              1
              1
              1
              1
              1
              1
              1
              1
              1
              1
              1
              1
              1
              1
              1
              1
              1
              1
              1
              1
              1
              1
              1
              1
              1
              1
              1
              1
              1
              1
              1
              1
              1
              1
              1
              1
              1
              1
              1
              1
              1
              1
              1
              1
              1
              1
              1
              1
              1
              1
              1
              1
              1
              1
              1
              1
              1
              1
              1
              1
              1
              1
              1
              1
              1
              1
              1
              1
              1
              1
              1
              1
              1
              1
              1
              1
              1
              1
              1
              1
              1
              1
              1
              1
             -1
             -1
             -1
             -1
             -1
             -1
             -1
             -1
             -1
             -1
             -1
             -1
             -1
             -1
             -1
             -1
             -1
             -1
             -1
             -1
             -1
             -1
             -1
             -1
             -1
             -1
             -1
             -1
             -1
             -1
             -1
             -1
             -1
             -1
             -1
             -1
             -1
             -1
             -1
             -1
             -1
             -1
             -1
             -1
             -1
             -1
             -1
             -1
             -1
             -1
             -1
             -1
             -1
             -1
             -1
             -1
             -1
             -1
             -1
             -1
             -1
             -1
             -1
             -1
             -1
             -1
             -1
             -1
             -1
             -1
             -1
             -1
             -1
             -1
             -1
             -1
             -1
             -1
             -1
             -1
             -1
             -1
             -1
             -1
             -1
             -1
             -1
             -1
             -1
             -1
             -1
             -1
             -1
             -1
             -1
             -1
             -1
             -1
             -1
             -1
             -1
             -1
             -1
             -1
             -1
             -1
             -1
             -1
             -1
             -1
             -1
             -1
             -1
             -1
             -1
             -1
             -1
             -1
             -1
             -1
             -1
             -1
             -1
             -1
             -1
             -1
             -1
             -1
             -1
             -1
             -1
             -1
             -1
             -1
             -1
             -1
             -1
             -1
             -1
             -1
             -1
             -1
             -1
             -1
             -1
             -1
             -1
             -1
             -1
             -1
             -1
             -1
             -1
             -1
             -1
             -1
             -1
             -1
             -1
             -1
             -1
             -1
             -1
             -1
             -1
             -1
             -1
             -1
             -1
             -1
             -1
             -1
             -1
             -1
             -1
             -1
             -1
             -1
             -1
             -1
             -1
             -1
             -1
             -1
             -1
             -1
             -1
             -1
             -1
             -1
             -1
             -1
             -1
             -1
             -1
             -1
             -1
             -1
             -1
             -1
             -1
             -1
             -1
             -1
             -1
             -1
             -1
             -1
             -1
             -1
             -1
             -1
             -1
             -1
             -1
             -1
             -1
             -1
             -1
             -1
             -1
             -1
             -1
             -1
             -1
             -1
             -1
             -1
             -1
             -1
             -1
             -1
             -1
             -1
             -1
             -1
             -1
             -1
             -1
             -1
             -1
             -1
             -1
             -1
             -1
             -1
             -1
             -1
             -1
             -1
             -1
             -1
             -1
             -1
             -1
             -1
             -1
             -1
             -1
             -1
             -1
             -1
             -1
             -1
             -1
             -1
             -1
             -1
             -1
             -1
             -1
             -1
             -1
             -1
             -1
             -1
             -1
             -1
             -1
             -1
             -1
             -1
             -1
             -1
             -1
             -1
             -1
             -1
             -1
             -1
             -1
             -1
             -1
             -1
             -1
             -1
             -1
             -1
             -1
             -1
             -1
             -1
             -1
             -1
             -1
             -1
             -1
             -1
             -1
             -1
             -1
             -1
0.8948594863406
0.8921027283327
0.7707874144565
0.7137619536135
-0.7081215397601
0.7811949649188
0.8924890434902
0.8999834195473
0.9429222176341
0.9408579984134
0.8909150383056
-0.8913475360563
0.6892870044543
 0.810482947642
0.8050333295488
0.8778719852587
0.8479507409739
-0.7655300243414
 0.852572375576
0.7991782939755
-0.7032252166042
-0.7937519872454
-0.8104850412387
0.8897074019513
0.8701548245749
0.9365264092343
0.9417586433397
0.9214466646333
0.9365283388703
0.8532384893266
-0.9403890689536
-0.8897490781164
0.8398777566969
 0.792540944323
0.8919150389127
0.8941063283146
-0.6805839387759
-0.8547450384617
-0.8738782444937
-0.7973416233934
0.8347651272734
0.8890056408551
0.7887273230198
-0.846981387537
-0.7905195255856
-0.885325411456
-0.8829966485082
0.8846465406608
0.9038151749427
 0.908010043798
-0.920646245664
-0.935900448796
-0.8522929381543
0.8742596087995
-0.845192703812
-0.8833170429894
-0.7341119695174
0.8496124856248
0.8734260011504
-0.7461555147647
 -0.82793508985
0.8405304638884
-0.9030174078751
-0.9075461300789
-0.8269360062785
-0.8274474848184
0.7971036250125
-0.8737497326345
-0.863300504969
-0.8400898944645
-0.8739431491036
-0.9282372751892
-0.8946980969007
-0.9149110109811
-0.9423880147629
-0.9238257552853
0.4976074477888
-0.7215194471936
-0.3700434954858
0.6814268357446
-0.4831519267778
0.7620142708304
0.5104886825517
0.6556551643503
0.7150317484343
-0.7589437973939
-0.5294769654877
0.5415383867561
-0.4886207249533
-0.7119608690859
-0.513944450287
-0.6364635217657
-0.7288673483206
-0.468546134502
0.8080702937449
0.8051764865593
0.06317856402809
-0.7994104382471
0.01490724195722
-0.008365425400407
-0.08820511331822
-0.7862352340084
0.2099986663074
-0.04205626809127
0.5647559539038
-0.4289251771827
0.4288509749938
0.3433921102543
0.3578238465153
0.6508606910281
0.5800552126758
0.4373481756544
-0.5781630962816
-0.7523540040761
-0.06333356479245
 0.537818612508
0.7631294083346
0.9670361601888
0.03263712323569
0.003570800316928
0.0003932158941283
2.111378538996e-05
2.236306907875e-06
2.384052424462e-07
1.274760520705e-08
1.350685174752e-09
1.419323251332e-10
 0.977653702876
7.748130064704e-12
8.733076373398e-13
5.004470912254e-13
7.678090387767e-12
7.142896804446e-11
6.596320222276e-10
1.234666595917e-08
1.112593666949e-07
1.017906078465e-06
9.763580965121e-06
0.0001818952097325
0.03142341591582
0.001769656349623
0.0001869707370937
2.062752321113e-05
1.103115499282e-06
1.168437491845e-07
1.245631598501e-08
6.660427755992e-10
7.057034812019e-11
7.406423866826e-12
0.001689538477497
2.354780656244e-13
-1.527041546364e-12
-1.448878801283e-11
-2.712557828736e-10
-2.458652760281e-09
-2.331786048174e-08
-4.352439390105e-07
-4.196784063234e-06
-3.81368834068e-05
-0.0003545944852878
-0.006913696749535
-0.06571759358767
 0.977599348957
0.002457228224105
0.0002698502914821
3.021276750079e-05
1.615748070365e-06
1.71144354255e-07
1.824511737139e-08
9.755728971111e-10
1.033676901197e-10
1.08633151784e-11
6.221544907539e-13
3.300908721617e-13
2.461858119381e-12
4.594240699323e-11
4.164188329194e-10
3.949313228578e-09
7.37195307377e-08
7.110444031534e-07
6.605960048794e-06
0.0001221669606657
0.00118065733685
-0.008871857783455
-0.001002457375398
-5.367511629414e-05
-5.660041850811e-06
-6.244571091124e-07
-3.339442312639e-08
-3.538472915778e-09
-3.718290329713e-10
-2.028438731834e-11
-2.166322374296e-12
-2.080627921437e-13
5.161385511894e-13
0.01022476073497
4.792786738047e-12
4.546601809687e-11
8.486894450063e-10
8.185851754904e-09
7.605091689931e-08
1.476016217702e-06
2.601302504207e-05
0.0002428480763925
0.005353500140374
-0.004705231643005
-0.0005707683777832
-3.096963578842e-05
-3.309703852065e-06
-3.588870256798e-07
-1.923015397277e-08
-2.02768928894e-09
-2.237098687007e-10
-1.196277059982e-11
-1.258074729045e-12
-4.890156959963e-14
1.553798413338e-12
1.452358870602e-11
1.341333148341e-10
2.510424107388e-09
2.275436712515e-08
2.158017554838e-07
4.028346248448e-06
3.885681520836e-05
0.0003577886921616
0.006916051404043
-0.967697041371
-0.9775486878844
0.008923698365342
0.0004853351714581
5.034618349955e-05
5.458035197976e-06
6.274247747885e-07
6.506940851886e-08
3.484755750265e-09
3.726202755857e-10
4.040829435336e-11
2.159284454191e-12
1.817973396688e-13
-4.416834814646e-13
-8.742913500739e-12
-7.925486617641e-11
-7.51649957737e-10
-1.403095306354e-08
-1.353073044568e-07
-1.191978288358e-06
-1.137643945284e-05
-0.000212083036547
-0.001976467195219
-0.977514864375
-0.9624301367272
-0.3226845143281
0.8803109819891
0.9649043220867
0.9392011199056
0.8962463040966
-0.9446904686266
-0.9061632671602
-0.8774656689244
0.2979406984508
-0.8625948259035
0.4578973589294
0.9494871901401
 0.961390190515
0.9645240843638
 0.981377938429
0.9821910805558
0.9700357319582
-0.08074364427251
-0.0808392695499
0.9877766422497
0.9784017318914
0.9751442374369
0.9766216954233
0.9771388907228
0.9875768423856
0.08083932736592
0.08083932733284
0.08083933032732
-0.08079544090757
-0.07289452743806
0.08084433242317
0.08083933034993
-0.08083932732917
-0.08083932739677
0.08083922229847
-0.08245868214056
0.9788428713424
0.9783815913338
  0.97805704653
 0.987721454522
0.9875315347024
 0.976643996987
-0.08083199427087
-0.08083932290898
0.08083932733364
0.0808393273421
-0.08083930954085
-0.08080992751538
-0.08108166924008
0.08083917581017
-0.08083932742256
-0.08083932733088
0.08083932753576
0.08083966623076
0.08084548915633
-0.07964477493788
0.08070202558541
0.08083924065625
-0.08083932738523
0.0808393273313
0.08083932794007
-0.0808383551954
0.08245561502628
-0.9742422025031
-0.9715572645049
-0.9696243107874
-0.9825116190315
-0.981691832181
-0.9631930740721
-0.9787130448454
-0.9783243271473
-0.977919641769
-0.9876787390476
-0.9875271395786
-0.9767691233099
0.08306001907565
0.08083934303352
0.08083932734071
0.08083932732884
-0.08083933071697
-0.0808905084772
-0.9726135342187
-0.9757287648432
-0.9768767526055
-0.9874849107755
-0.9876919377101
-0.9782418174222
-0.9400288164948
-0.9555016611052
-0.9696360926534
-0.9818073992666
-0.9729700489972
0.9224467510114
0.9725827913958
0.9691014332193
0.9748235422142
0.9830244753807
0.9716728880214
0.9535039483271
0.9588676917446
0.9703503470536
0.9463515965778
0.9473147702308
0.9307440743363
-0.9544389212912
-0.9621114471587
-0.9731110940359
-0.9525881217176
-0.9407543148932
-0.9535977449604
-0.2778880261492
-0.9107731422188
0.9329379463591
0.9573943084022
0.9754366969439
0.9647552609835
0.9686120950524
0.9812821209259
 0.979865308497
0.9768469850779
0.9855223570744
0.9780036185423
0.4855013619942
0.4854343997848
0.9837235047677
0.9895669583062
0.9837665107104
0.9879931017705
0.9815145320011
0.9733508454056
0.9807308142519
0.9887017616629
0.9819780043644
0.9889688588087
-0.4854343593256
-0.4854343593485
-0.4854343572618
0.4854651204394
0.4906912963232
-0.4854308678935
-0.4854343572371
 0.485434359351
0.4854343593039
-0.4854344324874
0.4843254398103
0.9897815604195
0.9838802767281
0.9789040177619
0.9839932201749
 0.989563382114
 0.983732174592
0.9893943043407
0.9829218026996
0.9887195334663
 0.981952719931
0.4854394702277
0.4854343624443
-0.4854343593479
-0.485434359342
0.4854343717356
0.4854550116224
0.4852668679474
-0.4854344650409
0.4854343592865
0.4854343593498
-0.4854343592072
-0.4854341223046
-0.4854300427722
0.4860700981368
-0.4855349245965
-0.485434419583
0.4854343593119
-0.4854343593495
-0.4854343589249
0.4854350360975
-0.4843259212441
-0.987554539164
-0.9800066724401
-0.9756749057437
-0.980847942151
-0.9862507063853
-0.9777365416327
-0.9726654820429
-0.9853144955278
-0.9741135340408
-0.982183543176
-0.9702225772415
-0.9897187064943
-0.9838215042205
-0.9786500448815
-0.9838552914986
-0.989530685566
-0.978537558172
-0.9893381985469
-0.9834152130576
-0.982965848408
-0.9887827452775
-0.9821141019063
-0.483966356942
-0.4854343484182
-0.485434359343
-0.4854343593513
0.4854343569926
0.4853985834037
-0.9694754542351
-0.9711753180758
-0.9846413253552
-0.9851378855546
-0.9746851366896
-0.9864268662676
-0.9867776503309
-0.9870939104048
-0.9836128724722
-0.9894885940327
-0.9836344425934
-0.9213510624082
-0.9647652376771
-0.9685365027712
-0.9630142772858
-0.978346658221
-0.9755433942421
0.9378051491759
0.9745810181608
0.9798587058552
0.9867475546227
0.9784123551199
0.9832811934329
0.9825396039537
0.9713125742069
0.9752873030566
0.9730054291466
-0.9757663054559
-0.9306234912496
0.9600698738391
0.9649819894088
0.9797364214084
0.9846966785491
0.9851088830319
 0.985469612128
0.9883464691688
0.9883620333172
0.9825296905473
-0.9866802026444
-0.9864600830385
-0.9851064279782
-0.9847262167827
-0.988196125343
-0.9882344826038
-0.9881849022388
-0.9881220897657
-0.9758795354429
-0.9852469951898
-0.9837967965315
-0.9805361506187
-0.9877675622737
-0.9610292859763
0.9861360806254
0.9857744072652
0.7302146843646
-0.7266227811948
-0.3227670379603
0.2636381427632
0.1598347094866
0.7537745414492
0.7685049015688
0.1983722001041
-0.3508667111538
0.2024782793915
0.2023440077966
0.2022976254304
0.2022975440771
-0.2022975159926
-0.2022975159429
-0.2022975160058
-0.2022975160085
-0.2022975102501
-0.2022975145567
 0.202318762134
0.2023826557958
0.2060769104536
0.2164627056407
-0.2022878816795
-0.2022950879737
-0.2022975102923
-0.2022975145429
0.2022975160102
0.2022975160129
0.2022975158827
0.2022975159775
-0.2022975667169
-0.2022977178798
0.1992615830279
0.2015181009668
0.2023116137024
0.2023010720528
0.2022975243834
0.2022975181574
-0.2022975160081
-0.2022975160043
-0.202297515988
-0.202297516004
0.2022975245975
0.2022975501938
0.2023116308126
0.2023540144962
 0.202180884041
0.2018366840625
-0.2022978076458
-0.2022975895122
0.2022975159653
0.2022975158352
0.2022975160096
0.2022975160094
-0.2022975159105
-0.2022975156159
-0.2022973535845
-0.202296868681
-0.2022946408391
-0.2022854643001
0.2038058637574
0.2028198331368
-0.2023652380888
-0.2025808741986
-0.2022975578189
-0.2022976821202
0.2022975159049
0.2022975159831
-0.2022975160087
-0.2022975160093
-0.202297514837
-0.202297515714
0.2022979852834
0.2022993837167
-0.1992610591572
-0.2015190253046
-0.201248087664
-0.1983370266684
-0.2022975084298
-0.2022974858393
-0.2022975160047
-0.2022975159907
-0.2022975160135
-0.2022975160104
0.2022975143749
0.2022975095042
0.2022727669859
0.2021986098838
0.2800400127862
0.2995302177123
0.6373424410808
0.5119941615433
0.5149291965197
-0.03674623269895
0.6757834391908
0.5601324945045
0.08044967975981
0.08964327421397
-0.8173758614649
0.5911097059634
-0.05848775357816
0.2127200771608
0.9630708528994
0.9794876195239
0.9917454794518
0.9755170156003
0.9759997612692
0.9860493037066
-0.9661117347547
-0.9798361226535
-0.9758896591472
-0.9860215275742
-0.975335615674
-0.9860103007792
-0.9713867467375
-0.9840839067311
-0.9727384771963
-0.9853805097775
0.9745903330279
0.9863805038105
0.9732750240021
0.9851515134702
0.9571059101829
0.9773714551944
0.9518804735799
0.9723866219043
0.8953748648921
0.9331541986867
0.8151307851589
-0.9606971551511
-0.979208940581
-0.9567353677522
-0.9754416033708
-0.9151216302995
-0.9354740325013
-0.9665701496071
-0.2184622417496
0.3443541130422
-0.0671242716283
0.9607115381539
0.9778384547464
0.9638453024743
0.9807714645275
0.9704801629634
0.9835543009757
0.9821147918919
0.9600261641417
0.9863084742294
 0.963952843903
 0.977442089696
0.9590872232719
0.9876889970833
0.9780925811105
0.9881778814454
0.9750187604921
0.9839068703202
0.9709851962673
0.9912791367991
0.9840499936717
0.9913316841827
0.9817251616844
0.9901007070073
0.9813978881903
0.9897940984041
0.9828569534999
 0.982543630888
0.9904406560515
0.9917281896841
 0.984284011832
0.9914238322773
0.9843321138849
0.9914681507782
0.9838598425895
0.9840268596852
 0.991316942032
0.9919348544661
0.9742754464045
0.9828087265163
0.9692312838741
0.9907633101392
 0.982545575266
0.9904346455773
-0.9807122014568
-0.9894137849292
-0.9810632730771
-0.9897437906443
-0.9786272051861
-0.9882343625379
-0.9886676318269
-0.9778133746059
-0.9619165716758
-0.9733406209261
-0.9528918256671
-0.9858245220629
-0.9719465815134
-0.9843927313081
-0.9842043545884
-0.9913865990085
-0.9842186941351
-0.9914000024975
-0.9918980723149
-0.9837003031995
-0.9911441904708
-0.9838693022452
-0.9742954654859
-0.9828836002702
-0.969339192991
-0.9907958199828
-0.9826652351356
-0.9905111454893
-0.9696060016938
-0.9829695890747
-0.9731932310287
-0.9848965441262
-0.9707700162232
-0.9882826415572
-0.9912529174616
-0.9810079480393
-0.9758234108561
-0.9563433433528
-0.9651986249929
-0.9759341690988
-0.9596777750425
-0.9590254571895
-0.9276895886188
-0.9748658912218
-0.9837897183409
-0.9707784245387
-0.9912177507362
-0.983925762353
-0.9912625130083
-0.916598821242
-0.9624917428544
-0.9315859787508
-0.9686884759246
-0.9656542111998
-0.9807208314764
0.9799583654148
0.9891818150807
 0.979340774486
0.9886096594655
0.9618875104177
0.9807327110237
0.9638307925256
0.9447983382439
0.9708933558326
0.9434065187978
-0.9763391146313
-0.9602208060232
-0.9095438417801
-0.9336282284877
-0.9334386235111
-0.9462693601202
0.9137733905516
0.9579515573267
 0.932013387607
0.9641762137953
0.9834145411789
0.9664801289286
0.9723696955328
0.9868704985126
0.9762226246103
-0.969100123461
-0.9848597075736
-0.9679318576401
-0.9698164001362
-0.982999582234
-0.9897669452311
-0.9698296388247
-0.9722870753361
-0.9867137122537
-0.9759764976495
-0.9758920720175
-0.9866444352076
-0.9921210494751
-0.9766513280744
-0.9769554779225
-0.9872825140635
-0.9854349881267
-0.9679396626484
-0.9890858113387
-0.9697966750704
-0.9909014241241
-0.9809736337202
-0.9655146245505
-0.9896334390935
-0.935927688484
-0.8784220139829
0.9677065421351
0.9841636068423
0.9706766710123
-0.01242152243027
-0.3937574304689
-0.05423401257641
-0.4866458868572
-0.1921097156376
0.4428533066826
0.1745365746492
 0.264799856962
0.6408020183514
0.4234451176348
0.4592903997407
0.4482466883106
0.1078653186666
-0.08793944255438
0.2504161101928
-0.4384410616857
0.1411797278645
 0.364362057883
0.9419637080864
0.9444557235484
-0.9439654961205
0.9095975687783
0.8527566222721
0.9381016867903
0.8716159392878
0.8846010252932
0.8302475035416
-0.8176454198061
-0.9591183808796
-0.9380811186658
0.9882419406236
0.9745379749115
0.9041210498116
0.9713726122485
0.9173980948706
0.9707135602342
0.9798987988808
0.9827414914156
0.9832263566515
0.9795443749352
-0.9765038445728
-0.9881425256637
-0.9193357147582
-0.9700450713258
-0.9831409633015
-0.9912734480032
-0.9795332829401
-0.9921892081685
-0.9831041476439
-0.9659577680046
-0.9650988154489
-0.9407668101894
-0.9560637852342
-0.9633586346161
-0.9797770130344
-0.946989445735
-0.9377308962041
-0.944086598624
-0.9643844792454
-0.9068442294404
-0.908637028874
-0.9213959014469
-0.9843589720904
-0.9824902208548
0.9698882334633
0.9502473184268
 0.977423311005
0.9715077675661
0.9556083800725
0.9251963226799
0.9670100779139
0.9393752733075
0.9212496863447
0.9561299114334
-0.9802075716156
-0.893560285915
-0.9447514389551
-0.9566509295442
-0.9281365548136
-0.9682086037986
0.9343959171966
 0.942767662795
0.9726783715436
0.9551582146264
0.9783052241565
0.9625765220148
0.9489390643684
0.9737351986335
 0.982457839625
 0.959597455265
0.9786924143197
0.9647539492622
0.9833370521618
0.9707992025665
0.9605316943863
0.9809576723688
-0.975892780912
-0.9604200828768
-0.9816334824939
-0.9753872996997
 -0.98310762792
-0.9624900055002
-0.9756072520793
-0.9306565918007
-0.9786369499372
-0.9785799932595
-0.9650414323182
-0.9834582563029
-0.9807463990239
-0.9806639109248
-0.9456084489485
-0.9835784136366
-0.9903573946735
  -0.9791222061
-0.9272223139484
-0.9771971481591
-0.9755532314555
-0.9810038518898
0.9747700817602
0.9579240814204
0.9806079244102
0.9654218002839
0.9537926557635
0.9767545777859
0.2067916359608
-0.1007099863412
0.1363135211866
-0.02500087969973
 0.225474568994
0.2734624782578
0.1511682374315
-0.0104878306317
0.05731589928056
0.04618610019899
-0.02504733315129
0.01018585915599
-0.03920623525084
0.01221563435531
-0.168852953871
-0.09864136949782
-0.5054187911534
-0.2068713695841
0.4048658089351
0.4073471324809
0.5274725222024
0.2476453540292
-0.5898010395745
-0.4646782465387
0.7060291182751
0.4777070849348
0.5326574761168
0.4187062266635
0.5982697881829
0.4474485198468
0.3147033260522
0.5665566755182
0.1549823165563
0.3393544221514
0.2269216121653
-0.251310561652
0.3972262364846
-0.559944132954
0.2901869584023
 0.105043881285
0.1797183785731
0.9597603592513
0.9612344570993
-0.960963145476
0.9677540952511
0.9436093772944
0.8624461185102
0.7023038708679
-0.867006614365
0.9332885145211
0.9286241045743
0.9415780745319
-0.9378142839958
-0.9438981420293
-0.9602652412591
-0.9195615343792
-0.8468665238364
-0.8789592023769
-0.9735311216329
-0.9805863916475
-0.9791254108866
-0.9473014411786
-0.9017817062055
-0.9204005934794
 -0.94105954053
-0.9423595773257
0.9877373803665
0.9829464722819
0.9835094066727
 0.933796445301
-0.9095281333263
-0.9190779118747
-0.8730273161721
-0.900808831291
-0.9040304073548
-0.9306000229595
-0.8602176531673
-0.9377238870691
-0.9124279073279
-0.9828942089128
0.9884373962932
0.9894693484283
0.9512101647081
0.9906899300988
0.9893899581849
0.9733240591779
0.9469267065612
0.9586866387965
0.9684404555437
 0.963561138594
 0.991186023669
   0.9918639992
0.9634521154599
0.9328423048716
-0.9899365782336
-0.9911503497653
-0.9895903394651
-0.9739672610514
-0.9466938221126
-0.9592780825267
-0.9682025101234
-0.9669642236201
-0.9515549038728
-0.9908633000494
-0.9621113804079
-0.9488992599361
-0.9416622579388
0.9898284710886
0.9904634433051
 0.958700849304
0.9191774333431
-0.162178709615
-0.3634849497219
 -0.59846357051
-0.6195599025111
-0.347925154571
-0.3753693274816
0.4732832136287
0.7552578777616
0.5294702420808
0.6598008711813
0.5282634505042
 0.105107568799
-0.2016810808808
-0.1896694115892
0.2463608406961
-0.3926038008056
-0.2836203340158
-0.1298593379892
-0.6551527700028
-0.5216893592234
0.1685528741858
0.2473807287702
0.0379269794984
0.9692772588629
0.9606974620335
0.9635822897601
0.9702794291472
0.9609607628156
0.9643655169573
-0.9701018706816
-0.9608133509204
-0.9641796216691
0.8581356060219
0.7700958011938
-0.8724311765068
-0.7973182010583
-0.8450863116489
0.9489859204911
0.9475447022238
0.9550103213889
0.9517314456101
  0.94624171031
-0.9539130739895
-0.9570589785903
-0.9512199037056
-0.941709201268
-0.9542384543877
-0.9660938188045
-0.8786018430327
-0.8939926400741
-0.9754542048366
-0.8768414475473
-0.9215793922534
-0.9133195862698
-0.9549180228078
-0.9563498728028
0.9333978258971
-0.878749127265
0.9541582962079
0.9153931152203
0.9375469338426
0.9575914716804
0.9576613769174
0.9650906959051
-0.9257712687145
-0.9559334496738
-0.9572984964237
-0.9628310271943
-0.9596672214867
-0.9507060980344
-0.958399012041
-0.965109855436
-0.950584137312
-0.9551847167545
-0.9709868317626
-0.9681030749324
-0.9530042218754
-0.9628469881106
-0.9681904989742
-0.9621292476584
-0.9653071542137
-0.9607006964747
-0.9576430890033
-0.9559998957413
-0.9471273659747
-0.9557048400437
0.9598040341445
-0.6165694655839
-0.7017519467517
-0.6191274329157
-0.4748729754933
-0.5068868916295
-0.5470644356143
-0.5260121468519
-0.5200183150134
0.5512917206164
0.5673529288245
0.4855676982304
 0.385729022112
0.3035661235748
 0.306098740361
0.4374567783858
-0.3656672388239
-0.2999615455528
-0.4001918380765
-0.1557254746847
-0.09138442567277
-0.1230411623802
-0.005786658607574
-0.03730624299025
-0.07203558127056
0.0694710932449
-0.2521090592503
-0.4287190929404
0.02954886387571
0.1036582042584
0.9698594886413
0.9671333027194
  0.96218625154
 0.970095276201
0.9666974056249
0.9606104734145
-0.9699891087969
-0.9666623664953
-0.9607137021173
-0.8667587496159
-0.8963539978325
-0.8282619754785
-0.7663865038853
-0.7633824979209
-0.9515913879439
-0.9647752373874
-0.9641101300716
-0.9537949559091
-0.9275913763751
-0.930883898574
-0.892329273763
-0.8214081423296
   0.8966615967
0.9512396047174
0.9267582224481
0.9651042901857
0.9660401814833
0.9443889264794
 0.973703729972
-0.965068757716
-0.9713354516079
-0.9552290109069
-0.9281820848871
-0.9621906111722
-0.9709880944557
-0.954695766809
0.9363025861936
0.9700670367262
-0.5349241296299
-0.5797366852219
-0.4194860044231
0.4557781064985
0.4909114575202
 0.492504657412
 0.564811611707
0.5584022754527
0.6381452794072
0.6412885090297
0.6986579516011
0.6642126398867
0.6200642780588
0.5963160860685
 0.717299401914
0.4564550012552
 0.513145701535
0.5506414924054
0.5582574508773
0.5585174328683
0.5975773502191
0.6113500838245
 0.648041668447
0.3615964515024
-0.01566091762339
-0.4086559505533
-0.2709137707896
-0.3460752487284
-0.04225006732744
-0.2033446516203
-0.4842111930444
-0.5578094715639
-0.5511117840186
-0.6323758510079
-0.6337217945278
-0.6943386064993
-0.6581233462253
-0.6142367469914
-0.5884777677004
-0.7110240247305
-0.4459506155916
-0.5031286187846
-0.5416023351481
-0.5489896726131
-0.5494353363671
-0.5888940070859
-0.6036350195917
-0.6388858441259
0.06088018616421
-0.9121969732222
-0.9507312081625
-0.9599121459275
-0.917734812275
-0.9312867499273
0.9516251398848
  0.95696241258
0.9306150801739
0.9436541811821
0.9441561591208
0.9567270396622
0.9643844931056
0.9542498328247
0.9628473994276
0.9651051615484
0.9439016175079
0.9550142651395
  0.95192392617
0.9736271856813
 0.968890739165
0.9724840910077
0.9745088040451
0.9589336004849
0.9669885908292
0.9653435588507
0.9803025778958
0.9762757293728
0.9692941587589
0.9720002138559
0.9548052827587
0.9635577100057
0.9625290112269
0.9778002366331
0.9726215085261
-0.6756947486584
-0.6731900111088
-0.4578777269673
0.4954062331732
0.5651014158008
0.6008866910531
0.5213356521416
0.4916888190408
0.4963330028741
0.3420142275931
 0.747048216347
0.7621243803434
0.6768510545373
0.2967552860704
0.3115179973811
-0.07173587020442
-0.05449555325323
0.1274685638469
-0.125350972838
-0.3019259447981
-0.3338922767844
-0.370953809541
-0.338275255128
-0.3758978872559
-0.7429808883463
-0.7565669701102
-0.6693286990159
0.09923464974943
0.09527242849806
-0.916496129896
0.8971295957587
0.9630475790358
0.9362737097579
0.9505063769685
0.9448792740291
  0.91616808816
0.9423313694115
0.9607829270194
0.9404696969361
0.9590180618887
 0.971886305366
0.9364611500638
0.9564374176345
0.9697983507213
-0.5900316637115
-0.4705063512632
-0.3402120645065
0.6685341521843
0.6368990857486
0.5532196347109
0.5541662983435
0.3981729693867
 0.760299134447
0.1888040101239
-0.2958633725207
-0.4175184634383
-0.8191491217012
-0.6963332840823
0.01720116608869
0.05054310635601
0.9389701267434
0.9114784245343
0.9566442638853
-0.574082285852
-0.4121996213822
-0.4059035237009
0.5201283109621
0.5356070608814
0.4359243285895
0.4358379996237
0.4273147026285
0.2270289965506
-0.3350253351547
-0.3821641290011
-0.4500438903195
-0.5061966548302
0.07880295718904
0.09729966760905
0.0416766548497
-0.1028594599425
-0.2607795602055
0.01041361798427
0.03293260793343
0.0260836243063
-0.02281008539466
0.01656639879587
-0.02300780156391
0.02777803265944
-0.115295416093
-0.6190870146934
-0.6473403399844
-0.5017467277017
-0.4273618404538
-0.4146018727165
-0.3468072270763
-0.3686709514282
0.4664294845683
 0.463877031306
0.4201576508841
0.4108740702116
 0.431762169077
0.4511212648801
0.3836512921985
0.2550945761627
-0.4670282261779
0.2495683484201
-0.2634908413175
0.06344590197059
-0.504148596545
-0.4372921297384
-0.4646279959157
-0.4498268137232
-0.2639131503625
-0.4351090809498
-0.507748978438
0.02758772278498
0.03703307871575
-0.536582233154
-0.4237745886787
-0.351365804237
-0.4744450617069
-0.4486932877075
-0.3162153730008
-0.3012990913646
0.02556341385682
0.02495541598495
0.03015235223851
-0.2169076570277
-0.3006468638655
-0.006454136917202
-0.2155695013055
-0.2241183616902
-0.1936935675913
-0.1538915821754
-0.1078575565299
-0.3318793905598
-0.2494594351752
-0.1749133036062
0.01328276944208
0.0006404998860645
0.01653155634489
-0.002804191815185
-0.06576479299247
-0.03449062857969
0.02874961618224
0.008888036747346
0.05491953103692
0.02990761475049
-0.1245562992901
-0.05897716057396
0.03769408474183
-0.02697613340941
-0.04835797174392
-0.02075209084418
-0.08133779903206
-0.08079198069155
-0.05666930017104
-0.257105730441
-0.1998818840571
-0.3258898451277
-0.4256562598121
-0.2506313767339
-0.08437848688552
0.1465431724105
0.2935186685165
0.04316188754098
0.0170711325637
-0.03730021678705
-0.06562956918308
0.2129078347914
0.5073427787258
-0.3291455897144
-0.4823032226789
-0.0675028886633
0.4666652170108
-0.4624286896582
0.5164291124849
-0.8754658676941
0.8218465807733
0.8921072174574
-0.821734589367
-0.4144898352261
-0.2918525629701
0.4661139934362
0.9762831074776
0.9651854431448
0.9835248607784
0.9755671372915
0.9913991714621
0.9921827407681
0.9919444345318
0.9925832059646
 0.982966336236
0.9744226701756
-0.974622150521
-0.9614155711073
-0.9829850628655
-0.9744826356253
-0.9834170919529
-0.9754050520759
-0.9622323690358
0.9758947170494
0.9869665418457
 0.961914841383
0.9790252796084
0.9174260986732
0.9385727756871
0.8566123090979
0.8436998798508
0.9553065710993
0.9768637898195
0.9182232445461
0.9401707395945
0.9842697562011
0.9916115071116
0.9681324515163
0.9766980842324
-0.9454625252891
-0.9800955305478
-0.9894541267052
-0.9498188414416
-0.9841125341294
-0.9915335632871
-0.9678729195234
-0.9765137822736
-0.9840604310674
-0.9915108074273
-0.9801277732841
-0.970728888378
-0.9563083439039
-0.9490230799381
-0.9562458911123
-0.8790276176011
-0.8219999631394
-0.9147857666464
-0.8981239809748
-0.8650601272201
-0.8569618220396
-0.7990628737824
-0.8408067814816
-0.8314600530012
-0.7671465168331
0.9805291562515
0.9895294209248
0.9597103415528
0.9704475069583
0.02443218473397
0.9667861561693
-0.9635900387043
0.9884771428171
0.9313650223373
0.9155491058388
0.9299714363994
0.8475417650878
-0.9836140215406
0.9695174913532
0.9646862214032
0.9717101299292
0.9389419951197
-0.990687689883
-0.9692975841954
-0.964293320374
-0.9714147923535
-0.9444027122874
-0.9916531020383
0.9629828851945
0.9562787251456
0.9646965869136
 0.922879473412
-0.1000352864378
-0.05423197543101
-0.2060776913753
0.7192607214686
 -0.96755474426
-0.969564065792
-0.4515377009997
-0.4482621420577
0.8251174819234
-0.8293071020962
-0.9331748406067
-0.9037611594245
0.9673157236411
0.9155112964025
-0.966629591879
-0.975472614309
0.1785560276076
0.1857817707454
0.009072396604383
-0.8416901535675
-0.9619516161502
0.4698690141949
0.5152537806641
0.5077310407007
0.4446306351586
0.5036714687823
0.5192050826945
0.4615810895928
0.5575478084474
0.4891615103961
-0.01057894021311
0.05804045673406
0.0135003873268
-0.4977295496621
-0.4325071186293
-0.4931885289253
-0.5092314930677
-0.4504828124402
-0.5482891412664
-0.478781088007
-0.8663165401232
-0.9273106279194
-0.9587692424514
-0.9739688339375
-0.9698361160667
0.8190116113553
-0.3325363887919
0.9261875256683
-0.611714619157
0.5085855373039
0.3133888833862
-0.3947610281381
-0.2178365634584
-0.2198867528506
-0.2459049930276
-0.2919256708823
-0.3155538920221
-0.268949932637
-0.2196702659806
-0.2687062747063
-0.2118847221567
-0.1458641129749
-0.1649026853307
-0.2257373712168
-0.1284082619907
-0.03868531369308
-0.1709040901143
0.2761156676148
0.09319792640791
 0.179729002173
-0.02781379116737
-0.06833415079359
-0.4699182510683
0.8962803935237
0.8580651079788
0.8890922793218
0.8176331814994
0.9237151478147
0.8691880027792
0.8681877860084
0.8225577832212
0.8471662869022
0.7968564854213
 0.888919856292
-0.9600637179383
-0.9693388002085
-0.9686256352512
-0.9722037951025
-0.9553852060945
-0.9635909191595
-0.9627448487754
-0.9717563779165
-0.970757062238
-0.9747352455131
-0.9595609047036
-0.9668019825036
-0.7383815418549
-0.7986943888654
-0.7567269442932
-0.704778882923
-0.727691817565
-0.6894341319625
0.1050252035812
-0.1169378389927
-0.1298574198257
-0.1558261812418
-0.1510401076335
-0.08631358613056
-0.06220486526551
-0.08383005491851
-0.04330090193722
-0.0794712971247
-0.03195151067678
-0.03964110880233
-0.04246497607018
-0.01039917644864
-0.01886792118073
-0.02365435614111
-0.003984691496625
-0.002368460618294
0.002884191899551
-0.00914028410957
0.04219184147673
-0.0003852781972544
-0.01257643751989
0.02446019782133
0.01111138247198
0.04633042700927
-0.0003913909096114
0.001494435791296
-0.001344614682122
0.0105717496504
-0.3292522069977
-0.09907668324559
-0.1147776215514
-0.07398330813417
-0.01480597132797
-0.003473147235414
0.01971101608864
-0.02200060562267
-0.02404553162058
0.01757529257181
-0.009445800420765
0.07263750429637
0.04352502227058
0.04775520409455
0.06745694809622
0.05069798963881
0.03870290121347
0.1330321952809
0.04301231257337
0.09582847024162
0.7035244438182
-0.9328360218625
0.9686145122756
0.9423850009262
-0.9690595099037
 0.152409909006
0.1984367911024
0.1261280707431
0.1745113789999
0.1452017403578
0.09787519719946
0.04421437241925
0.1523817943051
0.2038699378152
 0.270969169672
0.2547352143656
0.2876400803578
0.0709457687844
0.3736193917968
0.1307858413494
0.3332652490899
0.3209435081296
0.3888136977449
0.2890590881882
 0.417707291392
0.4154796445758
-0.8809956102051
0.5062208939228
0.03624232532324
0.1087049378604
-0.04459926525825
-0.155588726674
-0.03884577292409
-0.01239639352311
-0.06244938992997
 -0.31255495008
-0.4957512095786
-0.887858225803
-0.8906826727377
-0.1152973198894
-0.2645245400516
-0.2402956776788
0.08254943653022
0.7229854333283
0.9150010232917
0.9001986932147
0.8698767445682
0.8862061992006
-0.955921091372
-0.9623213193173
-0.9629980956172
-0.9251682562649
-0.957175924077
-0.9407717637312
-0.9580712795237
-0.9639164259218
-0.9650350707323
-0.9428182360882
-0.9617201923293
-0.9359601555498
-0.9439308392155
-0.7684962532007
-0.6838639206784
-0.01172804450162
-0.007172756433719
-0.01264466996483
0.02150895339958
0.04464108090236
0.02982655645188
0.02514116998095
0.02294819253607
-0.1520415420714
0.1035993137038
0.6856693155953
0.7474941651346
0.8097093632708
0.8598163776595
0.8862805540644
0.9273349047295
0.9348864062528
0.8308250443736
0.7716279233222
0.7516271381759
-0.931338322277
-0.9475840012689
 0.972043252266
0.1903053311486
0.1011656614129
0.02529140795953
0.4632303978478
  0.36652556409
0.3244467236107
0.3856411506216
0.3346295394028
0.3664274412563
0.5552434867106
-0.3753718041063
-0.5456912780077
-0.2781901422183
  -0.2377638926
-0.3061774703556
-0.1691330448765
-0.2402266811192
-0.1856679007366
-0.3080579508351
-0.2016510130156
-0.3649082381599
-0.3317301781422
-0.3591180025543
-0.4022147430726
-0.4124392595591
-0.4113610150323
-0.4362330992525
-0.3812744255011
-0.4237084403636
-0.3952205274968
-0.9420925977238
0.4264119106692
0.3878725846194
0.4229065455593
0.4147334621006
-0.1211684295388
-0.1197849709286
-0.08827173482553
0.3524651003988
0.4096500015507
-0.4022751819084
-0.897369372327
-0.4237633443068
-0.4238849385593
-0.5116787185397
-0.1651752015457
0.4174130344695
0.5190611613608
0.2095418311188
-0.5825852083538
-0.4651747215658
-0.3952285676728
0.4695940075192
0.6047711962283
0.5479311096921
0.4403490260981
-0.4448758725132
0.5210680222363
-0.4239182152033
-0.4239182884381
-0.5116923199474
-0.1651818558217
0.4174090724727
 0.519059621617
0.2095411363065
-0.5825909264663
-0.4651773545298
-0.3952294315327
0.4695937304169
0.6047705683226
0.4403395049666
-0.4448762025833
0.5210503606866
-0.5250525641719
0.4239183086003
0.5116923281699
0.1651818598443
-0.417409070076
-0.5190596206809
0.4651773561218
 0.582590929923
-0.4403394992136
0.4239183086448
0.4239183085888
0.5116923281653
0.1651818598423
-0.4174090700787
0.5825909299212
0.4669065060778
-0.4403394992144
-0.5210503500171
0.4239183085911
0.5116923281709
 0.165181859865
-0.4174090700658
-0.5190596206817
0.4651773561589
0.5825909299325
-0.4403394991836
0.4239183133681
0.5116923376826
0.1651818967146
-0.4174090485215
-0.5190596127169
0.4651774162095
0.5825909482716
-0.440339447689
0.4239183096325
0.5116923285905
0.1651818600492
-0.4174090699606
0.5825909300998
0.4669065061614
-0.4403394989184
-0.5210503494656
-0.4239029984443
-0.5116860624093
-0.1651787960373
0.4174129110358
0.5190669104715
-0.4651761293268
-0.5825882950759
0.4403410072446
-0.4238490433442
-0.511557516097
-0.1646567369628
0.4181491716347
0.5206498655298
0.2153148707963
-0.5823386526058
-0.4644276532794
-0.3931729202704
0.5018067079296
0.6083560049097
 0.440621591781
-0.4425557183582
0.5211589885771
-0.4210418664083
-0.5105343235662
-0.1646245831325
0.4181017524813
0.5203644025244
-0.4649539528756
-0.5821068852084
 0.440611647119
0.4239262774077
0.5117081419856
0.1652431770207
-0.417372766857
-0.5190462441817
0.4652755184303
0.5826212951369
-0.4402519150457
0.4239200534079
0.5116930395162
0.1651822077392
-0.4174088629624
-0.5190595401924
-0.2095410995623
0.5825912289383
0.4651774937815
0.3952294772201
-0.469593715767
-0.6047705351175
-0.5479309837775
-0.4403390015324
 0.444876220047
-0.5210494269906
0.4239183134674
 0.423918309641
0.5116923285943
0.1651818600519
-0.417409069954
-0.5190596206381
-0.209541135865
0.5825909301014
0.4651773562039
0.3952294320839
-0.469593730245
-0.6047705679236
-0.4403394989142
0.4448762028012
 -0.52105034946
 0.525052564258
-0.4239183085876
-0.5116923281648
-0.1651818598423
0.4174090700789
0.5190596206869
-0.4651773561216
-0.5825909299211
0.4403394992141
-0.4239183085852
-0.423918308693
-0.511692328373
-0.1651818606485
0.4174090696019
0.5190596205108
-0.4651773574134
-0.5825909303205
0.4403394980643
-0.4239183086111
-0.5116923281743
-0.1651818598464
0.4174090700765
-0.5825909299249
-0.4669065060792
0.4403394992082
0.5210503500053
0.4239182719734
0.5116923131898
0.1651818525242
-0.4174090792482
-0.5190596380883
0.4651773531918
0.5825909236253
-0.4403395028055
0.4239181408279
0.5116919948605
0.1651805619371
-0.417410676427
 -0.51906257134
-0.2095534130039
0.5825902904912
0.4651753134645
 0.395221996722
-0.4696144065133
-0.6047760639429
-0.4403401419638
0.4448590685367
-0.5210506027105
-0.4265820237074
-0.5171351791192
-0.1917681549789
0.4086585233155
0.5153170521077
-0.4790786024051
-0.5929908641687
0.4310862831392
-0.4244816421809
-0.5119215834716
-0.1652933626396
0.4173452467332
-0.5826874097518
-0.474035254915
0.4401802566201
0.5207540898778
-0.4239066146535
-0.5116690545504
-0.1650917519703
0.4174619116863
0.5190791423842
-0.4650304608311
-0.5825460770342
0.4404660791157
-0.4239157524666
-0.5116912861378
-0.165181350263
 0.417409373443
0.5190597385876
0.2095411890925
-0.5825904919167
-0.4651771544821
-0.3952293659041
0.4695937514725
0.6047706160241
0.5479309991874
 0.440340228156
-0.4448761775141
0.5210517018926
-0.4239183014414
-0.4239183070461
-0.5116923275361
-0.1651818595342
0.4174090702622
0.5190596207579
 0.209541135919
-0.5825909296565
-0.465177355999
-0.3952294320165
0.4695937302661
0.6047705679725
0.4403394996549
-0.4448762027745
 0.521050350834
-0.5250525642475
0.4239183085891
0.5116923281654
0.1651818598421
-0.4174090700788
-0.5190596206862
 0.465177356121
0.5825909299211
-0.4403394992145
0.4239183085925
 0.423918308592
0.5116923281665
0.1651818598427
-0.4174090700786
0.5825909299216
0.4669065060777
-0.4403394992136
-0.5210503500154
0.4239183086059
0.5116923282002
0.1651818599785
-0.4174090699982
-0.5190596206569
0.4651773563397
0.5825909299886
-0.4403394990199
-0.4239183023866
-0.5116923256286
-0.1651818586025
 0.417409071632
0.5190596236339
-0.4651773556247
-0.5825909288546
0.4403394998229
-0.4239182801652
-0.5116922716663
-0.1651816398451
0.4174093414876
0.5190601172549
0.2095431991719
-0.5825908214662
-0.4651770090553
-0.3952281600268
0.4695971114959
 0.604771487827
0.5479368403707
0.4403396079493
-0.4448732350179
0.5210503927879
-0.4239084187812
-0.423871020922
-0.5115976316958
-0.1648134654724
0.4178431454226
0.5198089679999
 0.212516315264
-0.5824076111825
-0.4645760542002
-0.3928075812229
0.4730521103208
0.6060458403467
 0.440516601838
-0.4382933260714
-0.5398292725894
0.5211205398721
-0.4243105769568
-0.5124900529215
-0.1682552468596
0.4140898851535
-0.5841654043192
-0.4723871445373
0.4389351578596
0.5204853958334
-0.4240027207153
-0.5117268277777
-0.1651987069368
0.4173879679731
0.5190195851227
-0.4651840997032
-0.5826054300059
 0.440331234081
0.4239180673174
0.5116918492747
0.1651800030196
-0.4174101685397
-0.5190600255167
0.4651743806017
0.5825900101444
-0.4403421477731
 0.423918255767
0.5116923066302
0.1651818493096
-0.4174090763494
-0.5190596231237
-0.2095411369862
0.5825909208686
0.4651773519526
0.3952294306843
-0.4695937306814
-0.6047705689367
-0.4403395142811
0.4448762022479
-0.5210503779599
0.5250525640393
-0.4239183087365
-0.4239183086201
-0.511692328178
-0.1651818598482
0.4174090700711
0.5190596206715
-0.4651773561233
-0.5825909299264
0.4403394992117
-0.4239183085882
-0.5116923281651
-0.1651818598426
0.4174090700782
-0.5825909299213
-0.4669065060785
0.4403394992144
0.5210503500174
-0.423918308588
-0.5116923281646
-0.1651818598403
  0.41740907008
 0.519059620687
-0.4651773561183
-0.5825909299202
 0.440339499217
0.4239183086596
0.5116923281942
0.1651818598561
-0.4174090700612
-0.5190596206527
0.4651773561265
0.5825909299332
-0.4403394992077
0.4239183089154
0.5116923288154
0.1651818623746
-0.4174090669546
-0.5190596149703
-0.2095411121354
0.5825909311695
0.4651773601165
 0.395229446702
-0.4695936913371
-0.6047705573544
-0.5479309227152
-0.4403394979629
0.4448762369637
-0.5210503495251
0.4239184225372
0.4239188578276
0.5116934052235
0.4814610761901
0.4239284425878
0.5117122238538
0.1652590430909
-0.4173120675787
-0.5188734995927
0.5826289952312
0.4652990727049
0.5438989689474
-0.4403009081632
-0.4754039983648
-0.5210352141478
-0.4210746513861
0.4237194514164
0.5113667252135
0.1638908176475
-0.4211783150989
-0.5310754830323
 0.582125225851
0.4651629733817
-0.4415090699574
-0.5214552296366
0.4238701743926
0.5116725482594
0.1651721602527
-0.4174212366354
-0.5190828130633
 0.465173442518
0.5825826006112
-0.4403441519664
0.4239182783797
0.5116923158122
0.1651818538067
-0.4174090776404
-0.5190596350357
0.4651773537051
0.5825909247282
-0.440339502176
 0.423918169649
0.5116920502914
0.1651807832634
-0.4174103614974
 0.582590392274
0.4669047450795
-0.4403400224659
-0.5210505568742
-0.4239183086746
-0.5116923283365
-0.1651818605071
0.4174090696855
0.5190596205416
-0.4651773571868
-0.5825909302505
0.4403394982659
-0.4239183086071
-0.5116923281727
-0.1651818598457
0.4174090700768
0.5190596206858
0.2095411358865
-0.5825909299242
-0.4651773561223
-0.395229432057
0.4695937302535
0.6047705679431
0.4403394992093
-0.4448762027906
0.5210503500075
-0.5250525642537
0.4239183085882
0.4239183085888
0.5116923281662
0.1651818598466
-0.4174090700764
-0.5190596206857
0.4651773561285
0.5825909299233
-0.4403394992084
0.4239183088005
0.5116923282515
 0.165181859884
-0.417409070055
0.5825909299573
0.4669065060944
-0.4403394991545
-0.5210503499052
0.4239183095581
0.5116923300902
0.1651818673067
-0.4174090656632
-0.5190596190592
0.4651773680836
0.5825909336187
-0.4403394885676
-0.4239179697079
-0.5116921895688
-0.1651817921176
0.4174091549368
0.5190597817317
-0.4651773290138
-0.5825908716551
0.4403395324467
-0.4239167551166
-0.5116892391678
-0.1651698323588
0.4174238766416
0.5190866419948
0.2096531616865
-0.5825849978976
-0.4651583501226
-0.3951594278356
0.4697755123653
0.6048204524583
0.4403454361375
-0.4447113873512
0.5210526860957
-0.5247533483297
0.4244696441854
0.4265813215219
0.5171337038602
0.1917655341185
-0.408642194866
-0.5153131629313
0.4790100095302
0.5929839701983
-0.4310145139795
-0.5167251977794
0.4246881963946
0.5120057786447
0.1653346582556
-0.4172180730727
-0.5186987179312
0.4652387890857
 0.582722607081
-0.4402631883169
 0.427788303016
0.4239183140617
0.5116923304033
0.1651818609344
-0.4174090687119
-0.5190596180864
0.4651773565618
0.5825909308618
-0.4403394986914
0.4239183336798
0.5116923780541
0.1651820540903
-0.4174088307942
-0.5190591835371
-0.2095393280841
0.5825910257169
0.4651776629708
0.3952305617612
-0.4695907235356
-0.6047697595666
-0.4403394032937
0.4448788622034
-0.521050312278
0.4239183085916
0.5116923281663
0.1651818598425
-0.4174090700782
-0.5190596206851
 0.465177356121
0.5825909299215
-0.4403394992144
0.4239183086038
0.5116923281962
0.1651818599631
-0.4174090699337
0.5825909299815
0.4669065062757
-0.4403394991558
-0.5210503499942
0.4239183085874
0.5116923281647
0.1651818598418
-0.4174090700791
0.5825909299209
0.4669065060774
-0.4403394992149
-0.5210503500178
0.4239183085848
0.5116923281582
0.1651818598159
-0.4174090700944
-0.5190596206923
0.4651773560791
0.5825909299081
-0.4403394992518
-0.4239183097685
-0.5116923286477
-0.1651818600778
0.4174090697835
0.5190596201257
-0.4651773562152
-0.5825909301239
 0.440339499099
-0.4239183139991
-0.5116923389248
-0.1651819017358
0.4174090185147
 0.519059526584
0.2095407467408
-0.5825909505848
-0.4651774223394
-0.3952296762462
0.4695930891532
0.6047703941906
0.4403394785377
-0.4448767792317
0.5210503418811
-0.4239361581077
-0.5116996311932
-0.165185429781
0.4174045954511
0.5190511283568
-0.465178784911
-0.5825940005494
 0.440337744191
-0.4239994920343
-0.511851735556
-0.1658020992227
0.4165787046362
-0.5828925154727
-0.4661054843586
-0.4980065331701
0.4400169987721
0.5209251230367
-0.9319759726617
-0.9845558146101
0.9828928111978
0.9662488765258
0.9873219070876
0.9905377275402
0.9893422182228
0.8923940382782
0.9218695576197
0.9025748751997
0.9231498876217
0.9543467975778
0.9665511967243
 0.955287339004
0.9641641628736
0.8889838195257
0.9647358694809
0.9685704512411
0.9737176427645
 0.966829663885
0.9700451142024
0.9753837096039
-0.9664673898291
-0.9755468619229
-0.9668841596694
-0.9727599679638
-0.9602472477496
-0.9671985785045
-0.939156627347
0.9380320868762
0.9549282299069
 0.941408504178
0.9404934040684
0.9536318309677
-0.9518839877926
-0.9650321798468
-0.8973036681411
0.5903553255199
0.6031685101927
0.6224402979032
0.2870151205057
-0.6639313257598
-0.3670782111159
-0.3825289977262
-0.3673733088014
-0.400481129253
-0.5436885113528
-0.552522698519
0.9552491063494
-0.01401140355673
0.9015263990723
0.9226660436949
0.8542564745511
0.2738992830972
0.3328430000081
0.1957424660924
0.3347739687344
 0.190333883841
0.1067031237427
0.1303130263379
0.07987927525959
0.0971570122265
0.04266583810747
0.1218801520455
0.1704415462303
0.1123812671355
0.2441907357471
 0.207025211034
0.3226994048777
0.1789624020973
0.2312645002476
0.1638192233912
0.2747286399723
0.2490364645353
0.2202773999718
0.1927238107259
0.3527789717224
0.3619424891814
0.4078784905234
0.3942691945906
0.3496075501243
0.4420726366663
-0.9490291128855
-0.9531542506256
-0.9216091788648
-0.9376879241749
-0.9244280961144
-0.9352539828529
0.9819986047221
0.9754549025045
0.9696363491988
0.9897489625163
0.9898837842722
0.9631798195106
0.9455699097669
0.9474459138111
0.9579006347076
0.9626491612983
0.9568787607108
0.9563212618543
0.9384292031607
-0.9087593365493
-0.8975568501042
0.2361497180175
-0.3667497729702
-0.06713902098725
0.9100701218289
0.9442700580314
0.9528661225842
0.9691072853724
0.9555376179293
0.9302578265978
0.9428827627768
0.9272598589756
 0.981076015117
0.9822728359057
-0.9580028304171
-0.9638131751666
-0.9769081555307
-0.9672454332207
-0.9374398344248
-0.9569162284898
-0.9864369784437
-0.9865505854235
-0.9441750301892
-0.9508886318082
-0.9694154156251
-0.9560935908028
-0.9390258785578
-0.9485080201188
-0.9464155016604
-0.9512091519127
-0.9118179784567
-0.9102355095366
-0.9269557162838
-0.9561433673642
0.9654064429203
0.9726477857629
0.9717817829114
0.9723267664455
0.9719419171302
0.9639826065461
0.9670513482451
0.9758787135914
0.9846136396084
  0.94625437429
0.9782285918431
0.9716455024675
0.9910689919041
0.9910241417701
0.9662174560782
0.9490701494076
 0.347559966725
0.3766793483332
0.3683228464503
0.2816177903583
 0.322092496941
0.8919145112973
-0.9359080802411
-0.9501796631475
-0.9308265633963
-0.9464045360847
-0.9247842968419
-0.9389478867891
0.9603746137976
0.9614201656655
0.9691584877552
0.8992802998367
0.2485039302131
0.4841684160275
-0.3757479722058
0.4730008883521
-0.5500222540425
-0.4490073139992
0.2550084102371
0.5133986954559
-0.364717788745
0.4755691615911
-0.4953644113721
-0.4449514046174
0.2492935541551
0.4984494119402
-0.374743758667
0.4733030139944
-0.5581628125675
-0.4486205426641
0.2485200053169
0.4841953530273
-0.375728522478
0.4730065861647
-0.5499919394835
-0.4490001061561
0.07935517310024
0.04999115238226
0.0942241143808
0.1136462881264
 0.366618528513
0.9113397633564
0.9648417390649
-0.9171254633104
0.2411037749955
-0.8746227711432
-0.7472366322468
-0.3135171268175
0.6570190056066
-0.9087760113972
0.8255267711404
-0.5664331451665
-0.2999089637958
-0.8486348719489
-0.8973341594035
-0.8669012619096
0.5813367685432
-0.1515414683802
-0.8330653932572
0.7641679403145
0.8629689853859
-0.2775041026204
0.7352982730711
0.8528712512067
-0.835938776009
-0.872474940709
-0.1346310035279
-0.07496888070219
0.8193104361004
-0.8836324127091
-0.8198895959157
0.3095009336038
 0.286287302612
-0.01064818198552
 0.799926718639
-0.8200061641507
0.8735719627109
0.8668730301985
0.8380580894064
0.04302877050195
0.0476506402662
0.3565725262869
-0.4949967008062
0.1730611167347
0.1591083279909
0.2973303714046
-0.6108489151293
-0.4285712876245
-0.1936190614667
-0.3508242196588
-0.1636277779363
-0.2210153661917
-0.1986953639667
0.04585584961093
-0.6962566369779
-0.2324036531413
-0.254673326966
-0.230340177238
0.2039366200383
0.1142406250132
0.1419763215337
0.05801886567694
0.4245398128023
-0.7875944876332
0.8155727276015
-0.1406599260103
-0.07339208147005
0.2675370409356
0.5403662950964
-0.7716183433251
0.6952719570743
0.7163108363244
-0.6688420396514
0.1565844293864
0.08376967268838
0.7015704281194
0.7761957725938
0.4353485158982
  0.72012898808
 0.516655733252
-0.2640346304448
0.01611779384045
-0.5834074786977
-0.4866573365605
0.5473090134987
0.1341006727108
0.2878098212529
-0.285145283427
0.2405405206694
0.08834549583596
-0.4150717137235
-0.4853238765472
0.5492447563559
0.3892259998668
0.4170450676921
-0.3202536224546
-0.4201423210175
-0.2693600634541
-0.3290135838932
-0.08156822891474
0.1576034448686
-0.2354179840106
-0.02760432906403
0.1653214539757
-0.2679347878738
-0.2112378888412
-0.1633594931985
0.01209427594426
0.2460747876253
-0.1556888347431
-0.02208732390474
-0.04352421199231
0.08532971093077
-0.142502980367
-0.2418573936128
-0.1006222745195
-0.2624056073868
0.004514102521178
0.1610743529227
-0.160109063133
0.2599780480207
-0.2285894004451
0.1319784853117
0.1773106356389
0.1001798881004
-0.205510476102
-0.2165143389364
-0.204327066923
-0.182123027065
-0.1993280065877
0.0003085670411311
-0.1303384443469
-0.1677920677867
0.04788182617349
-0.0689663223424
0.003412836334422
0.09741952750215
0.1352112437315
0.09754977934715
0.1794207062276
0.2549283123437
-0.1316477682728
-0.1603211173644
-0.08972825611778
0.2154344095085
0.2234421913521
-0.1989279700065
-0.1925438572232
0.1561213736845
0.1887153126292
0.2191073019404
0.2865867718083
0.1956366614492
-0.2558428734844
-0.2271470555512
-0.2416061406299
-0.3458965849057
-0.2001980434029
-0.2493067802747
-0.3176036914606
-0.2739241121358
-0.02828165356874
0.1849832829732
0.1108593497912
0.09112590615928
0.05208524641573
0.1581943280239
0.1900155979432
0.2173002973959
0.2089318167606
0.2753941457402
0.3102033805866
0.1996816075165
-0.08603803047787
-0.04256135802655
-0.0981362875214
0.1937484325362
0.2153752051657
0.2015127163183
0.2407327082269
0.3565334349572
0.2384399249635
-0.04363371922811
-0.1784482209174
-0.152274857793
 0.450414066359
0.3361387496622
0.2975616383439
0.05726534922574
0.05476004815175
0.2941505950116
