-0.3264036839445
-0.3206773202032
-0.3021006645891
-0.2703028302971
-0.2264027300949
-0.1719841048246
-0.1064389821996
-0.03479250019607
0.03798939380585
0.1082176734217
0.1738959438315
0.2299784059334
0.2746994143479
0.3068190511834
0.3264197402731
0.3332411341255
0.3276180153256
 0.309063298095
0.2780341121232
  0.23470531345
0.1796176740337
0.1150881513102
0.04430461836032
-0.02977460146798
-0.1010113750681
-0.1667252211694
-0.2235208618409
-0.2674632253894
-0.2992582182267
-0.3197179725234
              1
              1
              1
              1
              1
              1
              1
              1
              1
              1
              1
              1
              1
              1
              1
              1
              1
              1
              1
              1
              1
              1
              1
              1
              1
              1
              1
              1
              1
              1
              1
              1
              1
              1
              1
              1
              1
              1
              1
              1
              1
              1
              1
              1
              1
              1
              1
              1
              1
              1
              1
              1
              1
              1
              1
              1
              1
              1
              1
              1
              1
              1
              1
              1
              1
              1
              1
              1
              1
              1
              1
              1
              1
              1
              1
              1
              1
              1
              1
              1
              1
              1
              1
              1
              1
              1
              1
              1
              1
              1
              1
              1
              1
              1
              1
              1
              1
              1
              1
              1
              1
              1
              1
              1
              1
              1
              1
              1
              1
              1
              1
              1
              1
              1
              1
              1
              1
              1
              1
              1
              1
              1
              1
              1
              1
              1
              1
              1
              1
              1
              1
              1
              1
              1
              1
              1
              1
              1
              1
              1
              1
              1
              1
              1
              1
              1
              1
              1
              1
              1
              1
              1
              1
              1
              1
              1
              1
              1
              1
              1
              1
              1
              1
              1
              1
              1
              1
              1
              1
              1
              1
              1
              1
              1
              1
              1
              1
              1
              1
              1
              1
              1
              1
              1
              1
              1
              1
              1
              1
              1
              1
              1
              1
              1
              1
              1
              1
              1
              1
              1
              1
              1
              1
              1
              1
              1
              1
              1
              1
              1
              1
              1
              1
              1
              1
              1
              1
              1
              1
              1
              1
              1
              1
              1
              1
              1
              1
              1
              1
              1
              1
              1
              1
              1
              1
              1
              1
              1
              1
              1
              1
              1
              1
              1
              1
              1
              1
              1
              1
              1
              1
              1
              1
              1
              1
              1
              1
              1
              1
              1
              1
              1
              1
              1
              1
              1
              1
              1
              1
              1
              1
              1
              1
              1
              1
              1
              1
              1
              1
              1
              1
              1
              1
              1
              1
              1
              1
              1
              1
              1
              1
              1
              1
              1
              1
              1
              1
              1
              1
              1
              1
              1
              1
              1
              1
              1
              1
              1
              1
              1
              1
              1
             -1
             -1
             -1
             -1
             -1
             -1
             -1
             -1
             -1
             -1
             -1
             -1
             -1
             -1
             -1
             -1
             -1
             -1
             -1
             -1
             -1
             -1
             -1
             -1
             -1
             -1
             -1
             -1
             -1
             -1
             -1
             -1
             -1
             -1
             -1
             -1
             -1
             -1
             -1
             -1
             -1
             -1
             -1
             -1
             -1
             -1
             -1
             -1
             -1
             -1
             -1
             -1
             -1
             -1
             -1
             -1
             -1
             -1
             -1
             -1
             -1
             -1
             -1
             -1
             -1
             -1
             -1
             -1
             -1
             -1
             -1
             -1
             -1
             -1
             -1
             -1
             -1
             -1
             -1
             -1
             -1
             -1
             -1
             -1
             -1
             -1
             -1
             -1
             -1
             -1
             -1
             -1
             -1
             -1
             -1
             -1
             -1
             -1
             -1
             -1
             -1
             -1
             -1
             -1
             -1
             -1
             -1
             -1
             -1
             -1
             -1
             -1
             -1
             -1
             -1
             -1
             -1
             -1
             -1
             -1
             -1
             -1
             -1
             -1
             -1
             -1
             -1
             -1
             -1
             -1
             -1
             -1
             -1
             -1
             -1
             -1
             -1
             -1
             -1
             -1
             -1
             -1
             -1
             -1
             -1
             -1
             -1
             -1
             -1
             -1
             -1
             -1
             -1
             -1
             -1
             -1
             -1
             -1
             -1
             -1
             -1
             -1
             -1
             -1
             -1
             -1
             -1
             -1
             -1
             -1
             -1
             -1
             -1
             -1
             -1
             -1
             -1
             -1
             -1
             -1
             -1
             -1
             -1
             -1
             -1
             -1
             -1
             -1
             -1
             -1
             -1
             -1
             -1
             -1
             -1
             -1
             -1
             -1
             -1
             -1
             -1
             -1
             -1
             -1
             -1
             -1
             -1
             -1
             -1
             -1
             -1
             -1
             -1
             -1
             -1
             -1
             -1
             -1
             -1
             -1
             -1
             -1
             -1
             -1
             -1
             -1
             -1
             -1
             -1
             -1
             -1
             -1
             -1
             -1
             -1
             -1
             -1
             -1
             -1
             -1
             -1
             -1
             -1
             -1
             -1
             -1
             -1
             -1
             -1
             -1
             -1
             -1
             -1
             -1
             -1
             -1
             -1
             -1
             -1
             -1
             -1
             -1
             -1
             -1
             -1
             -1
             -1
             -1
             -1
             -1
             -1
             -1
             -1
             -1
             -1
             -1
             -1
             -1
             -1
             -1
             -1
             -1
             -1
             -1
             -1
             -1
             -1
             -1
             -1
             -1
             -1
             -1
             -1
             -1
             -1
             -1
             -1
             -1
             -1
             -1
             -1
             -1
             -1
             -1
             -1
             -1
             -1
             -1
             -1
             -1
             -1
             -1
              1
              1
              1
              1
              1
              1
              1
              1
              1
              1
              1
              1
              1
              1
              1
              1
              1
              1
              1
              1
              1
              1
              1
              1
              1
              1
              1
              1
              1
              1
              1
              1
              1
              1
              1
              1
              1
              1
              1
              1
              1
              1
              1
              1
              1
              1
              1
              1
              1
              1
              1
              1
              1
              1
              1
              1
              1
              1
              1
              1
              1
              1
              1
              1
              1
              1
              1
              1
              1
              1
              1
              1
              1
              1
              1
              1
              1
              1
              1
              1
              1
              1
              1
              1
              1
              1
              1
              1
              1
              1
              1
              1
              1
              1
              1
              1
              1
              1
              1
              1
              1
              1
              1
              1
              1
              1
              1
              1
              1
              1
              1
              1
              1
              1
              1
              1
              1
              1
              1
              1
              1
              1
              1
              1
              1
              1
              1
              1
              1
              1
              1
              1
              1
              1
              1
              1
              1
              1
              1
              1
              1
              1
              1
              1
              1
              1
              1
              1
              1
              1
              1
              1
              1
              1
              1
              1
              1
              1
              1
              1
              1
              1
              1
              1
              1
              1
              1
              1
              1
              1
              1
              1
              1
              1
              1
              1
              1
              1
              1
              1
              1
              1
              1
              1
              1
              1
              1
              1
              1
              1
              1
              1
              1
              1
              1
              1
              1
              1
              1
              1
              1
              1
              1
              1
              1
              1
              1
              1
              1
              1
              1
              1
              1
              1
              1
              1
              1
              1
              1
              1
              1
              1
              1
              1
              1
              1
              1
              1
              1
              1
              1
              1
              1
              1
              1
              1
              1
              1
              1
              1
              1
              1
              1
              1
              1
              1
              1
              1
              1
              1
              1
              1
              1
              1
              1
              1
              1
              1
              1
              1
              1
              1
              1
              1
              1
              1
              1
              1
              1
              1
              1
              1
              1
              1
              1
              1
              1
              1
              1
              1
              1
              1
              1
              1
              1
              1
              1
              1
              1
              1
              1
              1
              1
              1
              1
              1
              1
              1
              1
              1
              1
              1
              1
              1
              1
              1
              1
              1
              1
              1
              1
              1
             -1
             -1
             -1
             -1
             -1
             -1
             -1
             -1
             -1
             -1
             -1
             -1
             -1
             -1
             -1
             -1
             -1
             -1
             -1
             -1
             -1
             -1
             -1
             -1
             -1
             -1
             -1
             -1
             -1
             -1
             -1
             -1
             -1
             -1
             -1
             -1
             -1
             -1
             -1
             -1
             -1
             -1
             -1
             -1
             -1
             -1
             -1
             -1
             -1
             -1
             -1
             -1
             -1
             -1
             -1
             -1
             -1
             -1
             -1
             -1
             -1
             -1
             -1
             -1
             -1
             -1
             -1
             -1
             -1
             -1
             -1
             -1
             -1
             -1
             -1
             -1
             -1
             -1
             -1
             -1
             -1
             -1
             -1
             -1
             -1
             -1
             -1
             -1
             -1
             -1
             -1
             -1
             -1
             -1
             -1
             -1
             -1
             -1
             -1
             -1
             -1
             -1
             -1
             -1
             -1
             -1
             -1
             -1
             -1
             -1
             -1
             -1
             -1
             -1
             -1
             -1
             -1
             -1
             -1
             -1
             -1
             -1
             -1
             -1
             -1
             -1
             -1
             -1
             -1
             -1
             -1
             -1
             -1
             -1
             -1
             -1
             -1
             -1
             -1
             -1
             -1
             -1
             -1
             -1
             -1
             -1
             -1
             -1
             -1
             -1
             -1
             -1
             -1
             -1
             -1
             -1
             -1
             -1
             -1
             -1
             -1
             -1
             -1
             -1
             -1
             -1
             -1
             -1
             -1
             -1
             -1
             -1
             -1
             -1
             -1
             -1
             -1
             -1
             -1
             -1
             -1
             -1
             -1
             -1
             -1
             -1
             -1
             -1
             -1
             -1
             -1
             -1
             -1
             -1
             -1
             -1
             -1
             -1
             -1
             -1
             -1
             -1
             -1
             -1
             -1
             -1
             -1
             -1
             -1
             -1
             -1
             -1
             -1
             -1
             -1
             -1
             -1
             -1
             -1
             -1
             -1
             -1
             -1
             -1
             -1
             -1
             -1
             -1
             -1
             -1
             -1
             -1
             -1
             -1
             -1
             -1
             -1
             -1
             -1
             -1
             -1
             -1
             -1
             -1
             -1
             -1
             -1
             -1
             -1
             -1
             -1
             -1
             -1
             -1
             -1
             -1
             -1
             -1
             -1
             -1
             -1
             -1
             -1
             -1
             -1
             -1
             -1
             -1
             -1
             -1
             -1
             -1
             -1
             -1
             -1
             -1
             -1
             -1
             -1
             -1
             -1
             -1
             -1
             -1
             -1
             -1
             -1
             -1
             -1
             -1
             -1
             -1
             -1
             -1
             -1
             -1
             -1
             -1
             -1
             -1
             -1
             -1
             -1
             -1
             -1
             -1
             -1
             -1
             -1
             -1
             -1
             -1
0.8966681224666
0.8927906608971
0.7805636969702
0.7137464912453
-0.7051481064396
0.7909535762441
0.8946571534548
0.9017863714856
 0.943918970374
0.9412065904209
 0.891335315757
-0.8916180210845
0.6908463510288
0.8132973472402
0.8099839303577
0.8827593224733
0.8581511078578
-0.7654020672405
0.8525608568054
0.7991336810507
-0.6969045475642
-0.7912447405912
-0.8084697855349
0.8943000117463
0.8733732359139
0.9379180382876
0.9429019866471
0.9218176694135
  0.93674928484
0.8535598556897
-0.9405163495311
-0.8898278547346
0.8407798841055
0.7944832472118
0.8933355535818
0.8960545285482
-0.6804219827581
-0.8546682610998
-0.8738110250944
-0.797248576275
0.8347399989067
0.8889780342628
0.7886524143179
-0.8438868100394
-0.7874810558488
-0.8838419542151
-0.8816241740437
0.8883035979953
0.9040782098001
0.9081820996198
-0.920747540125
-0.9359382315969
-0.8523328642971
 0.875289254319
-0.8451142965061
-0.8832685016895
-0.7340460164299
0.8495656356617
  0.87338049088
-0.7463845198301
-0.8250197530186
0.8407457639887
-0.9030501604076
-0.9075935652642
-0.8268794806606
-0.8274134603555
0.7970288043722
-0.8738806468881
-0.8635804198973
-0.8402354175256
-0.8741344365203
-0.9284011672756
-0.8950800985533
-0.9151624824463
-0.9426211014211
-0.9242118847039
0.5225237120068
-0.7184267835889
-0.3699995402439
0.7220070279558
-0.4830708272049
0.7631505330457
 0.510411661601
0.6636278611073
0.7158976794503
-0.7592179946886
-0.529212838799
 0.541394393423
-0.4807876135663
-0.7119978375056
-0.5137495791679
-0.6370598467019
-0.7296354724507
-0.4622687047396
0.8115085687468
0.8071488498165
 0.073892103965
-0.8005449712776
0.01545071212724
-0.008057710861275
-0.08844580792673
-0.7878375012616
0.2100187582772
-0.008844285528634
0.6030237889614
-0.4300664001494
0.4292430719115
0.3431752207421
0.3637108685744
0.6565728128793
0.5807912095552
 0.437110954095
-0.578092428897
-0.7534724044937
-0.06325506854344
0.5448502432755
0.7671017965317
0.9684429709216
0.03872963893964
0.00422748882874
0.0004656228939453
2.500176553182e-05
2.648107047318e-06
2.823058894955e-07
1.509498705831e-08
1.599404241235e-09
1.68068030193e-10
0.9789288443961
9.175312448685e-12
1.039173615136e-12
6.418681116748e-13
1.001526334634e-11
9.31748687955e-11
8.604502488741e-10
1.610548460132e-08
1.451311706089e-07
1.327797314247e-06
1.273586996122e-05
0.0002373233575587
  0.03833679982
0.002150835955406
0.0002272031896035
2.506621433425e-05
1.340485912172e-06
1.419864107327e-07
1.513669020556e-08
8.093634882849e-10
8.57559586509e-11
9.001026574169e-12
0.002210565856306
2.935942197818e-13
-1.788202833493e-12
-1.69875523971e-11
-3.180474343984e-10
-2.882770573493e-09
-2.734019371847e-08
-5.103235626314e-07
-4.920729698398e-06
-4.471548661654e-05
-0.0004157613194216
-0.008088475640174
-0.07943474199585
0.9788536723773
0.004928832385344
0.0005384620317673
6.019777991108e-05
3.21951700581e-06
3.410178822886e-07
3.635475981127e-08
1.943900794012e-09
2.059677827816e-10
2.164471338012e-11
1.210380562233e-12
3.945968418056e-13
2.483504260891e-12
4.622228897958e-11
4.189521120638e-10
3.973336867657e-09
7.416796405181e-08
7.153696573857e-07
6.646143775173e-06
0.0001229097520191
0.001187823093259
-0.01120994444816
-0.001282607762665
-6.867268280895e-05
-7.241603472513e-06
-7.989464402441e-07
-4.27256834944e-08
-4.527213006731e-09
-4.757275817337e-10
-2.595234895852e-11
-2.772423993013e-12
-2.735067759696e-13
5.135533092963e-13
0.01029148783253
4.8002000332e-12
4.553961785615e-11
8.500612792472e-10
8.199085455735e-09
7.617386566958e-08
1.478402316599e-06
2.605509002206e-05
0.0002432429663593
0.005361143024688
-0.004258541368846
-0.0005458488951335
-2.975586391499e-05
-3.179354516515e-06
-3.447400139442e-07
-1.847213615343e-08
-1.947761309493e-09
-2.148917387407e-10
-1.149117491741e-11
-1.206731884041e-12
-2.92441029795e-14
1.822265876671e-12
1.702067679472e-11
1.571962418002e-10
2.942067112344e-09
2.666676032126e-08
2.529067777516e-07
4.720981277914e-06
4.553786222396e-05
0.0004193056475412
0.008087626013252
-0.9688445324671
-0.9786879451869
0.01131164658246
0.000620098797707
6.433110947521e-05
6.974162886503e-06
8.017093893973e-07
8.314423477282e-08
4.452742723563e-09
4.761259637632e-10
5.163309830517e-11
2.76060619899e-12
2.457844316038e-13
-4.376472503073e-13
-8.794847086834e-12
-7.972864632356e-11
-7.561423312738e-10
-1.411481107969e-08
-1.361159888638e-07
-1.199102325569e-06
-1.144442909125e-05
-0.000213351811473
-0.001988386627946
-0.9786696109492
-0.9636669204659
 -0.31588096237
0.8827282353474
0.9662294557816
0.9406793412235
0.8979781101115
-0.9458722565226
-0.9074033996739
-0.8785594770812
0.2978539502968
-0.8640552333916
0.4614482438344
0.9511109327736
0.9628659406163
0.9659614814031
0.9821593585544
0.9829626107552
0.9714061164911
-0.08072602794507
-0.08083925890993
0.9884786494396
0.9796662119956
 0.976452099388
0.9779107053365
0.9784210436603
0.9882816044917
0.08083932737236
0.08083932733341
0.08083933123954
-0.08078206457395
-0.071205575789
0.08084540943945
0.08083933099956
-0.08083932732878
-0.08083932740812
0.08083920418036
-0.08273810642448
0.9800949993298
0.9796332947661
0.9793096496857
0.9884131353427
0.9882239727391
0.9779024416793
-0.08082471786577
-0.08083931851984
0.08083932733629
0.08083932734217
-0.08083930943264
-0.080809748792
-0.08114946055937
0.08083913347139
-0.08083932744816
-0.0808393273309
0.08083932753609
0.08083966677865
0.08084549912019
-0.07964295283945
0.08070818370211
0.08083924407298
-0.08083932738309
0.08083932733137
0.0808393280448
-0.08083818804614
0.08273368071234
-0.9753818962143
-0.9726996667238
-0.9707691658086
-0.9831442075708
-0.982325571706
-0.9643470791455
-0.9798559505326
-0.9794646951402
-0.9790592748001
-0.9883073046405
-0.9881555834855
-0.9779079661215
0.08368266687055
0.08083934739534
0.08083932734342
0.08083932732883
-0.08083933073721
-0.08089081475789
-0.9737963241022
-0.9768941570293
-0.9780354430908
-0.9881226388869
-0.9883283413951
-0.979391518456
-0.9413789823386
-0.9567738046441
-0.9705836352283
-0.9824047587206
-0.9739004196186
0.9241744427783
0.9738628930122
 0.970401705261
0.9758199378381
0.9836644123851
0.9726880432215
0.9548971167401
0.9599591835563
0.9710657443557
0.9475172773855
0.9482433623446
0.9317705318972
-0.9556060558423
-0.9630015943901
-0.9736819106601
-0.9534925566778
-0.9416766088269
-0.9541983465227
-0.2779366957418
-0.9119756696857
0.9347737385774
0.9586802344047
0.9762229005758
 0.965948310355
0.9697572504921
0.9819955558313
0.9806651795304
0.9778771712728
0.9861840858342
0.9790340515929
0.4855137049446
0.4854344072306
 0.984667490354
0.9901774796432
0.9847231076393
 0.988624587119
0.9825017969817
0.9746808846273
0.9817278767195
0.9893242091504
0.9829593523476
0.9895877645038
-0.4854343593212
-0.4854343593481
-0.4854343566261
0.4854744603921
0.4918750703516
-0.4854301166129
-0.4854343567825
0.4854343593513
0.4854343592959
-0.4854344451037
0.4841342890369
0.9903860960881
0.9848295475579
0.9801587863837
0.9849434120164
0.9901676992156
0.9846812971799
0.9899990913229
0.9838569629294
 0.989327113349
0.9829087021848
0.4854445467053
0.4854343655158
-0.4854343593461
-0.485434359342
 0.485434371811
0.4854551374364
0.4852201863963
-0.4854344945738
0.4854343592688
0.4854343593498
-0.485434359207
-0.4854341219213
-0.4854300357989
0.4860713481141
-0.4855321624144
-0.4854344172089
0.4854343593134
-0.4854343593495
-0.4854343588518
0.4854351524578
-0.4841355993769
-0.9881047717557
-0.9808713846515
-0.9768137641913
-0.9817119926753
-0.9868022599739
-0.9786037738605
-0.9738066416599
-0.9858672385552
-0.9749701295864
-0.9827407434831
-0.9711005242333
-0.9902704891051
-0.9846876707612
-0.9797955487331
-0.984722756615
-0.9900812356655
-0.9796786775292
-0.9898883949767
-0.9842797419867
-0.9838134664065
-0.9893325577834
-0.9829777268065
-0.483567879563
-0.4854343453817
-0.4854343593411
-0.4854343593513
0.4854343569786
0.4853983702071
-0.9706752589446
-0.9723659571011
-0.985295206624
-0.9857890395185
-0.9758564326034
-0.9870708211382
-0.9874195980527
-0.9877340116896
-0.9844698919944
-0.9900436701981
 -0.98450517188
-0.9227949387263
-0.9655208846417
-0.9692731964689
-0.9639954205256
-0.9789616731434
-0.976420270385
0.9393127117732
0.9758499807184
0.9808258303797
0.9873656563124
0.9793877190428
0.9839966139169
0.9832593773692
0.9722869381248
0.9760502811473
0.9737820088883
-0.9764088270064
-0.9317258685774
 0.961121742386
0.9659692751128
 0.980707064985
0.9856028401897
0.9858449482508
0.9862012529451
 0.989039161527
0.9890539038218
0.9834388422671
-0.9873084646968
-0.9870884197501
-0.9857357945445
-0.9853559840518
-0.9888284074572
-0.9888661205181
-0.9888146104525
-0.9887514860442
-0.9767946214672
-0.9858263133583
-0.9844552677175
-0.9814112931811
-0.988333091045
-0.9617313778217
0.9868352884925
0.9864755768687
0.7321759637657
-0.7274686281059
-0.3233027626605
0.2750242246273
 0.170419951877
0.7582329920705
0.7723916371613
0.2100176413564
-0.3366670722266
0.2025115821527
0.2023525695028
0.2022976455795
0.2022975492456
-0.2022975159895
-0.2022975159307
-0.2022975160047
-0.2022975160082
-0.2022975084968
-0.2022975141145
0.2023252274205
0.2024084651607
0.2068984062201
0.2197352004646
-0.2022858086241
-0.2022945655064
-0.2022975090621
-0.2022975142273
0.2022975160104
0.2022975160136
0.2022975158609
 0.202297515972
-0.202297575464
-0.2022977527025
 0.198738495155
0.2013836679911
0.2023256224384
0.2023046021063
0.2022975326951
0.2022975202895
-0.2022975160068
-0.2022975159993
-0.2022975159878
-0.202297516004
0.2022975246498
0.2022975504017
0.2023117166909
0.2023543589894
0.2021483079018
 0.201708447003
-0.2022978891367
-0.2022976100507
 0.202297515953
0.2022975157865
0.2022975160096
0.2022975160093
-0.2022975159104
-0.2022975156152
-0.2022973533219
-0.2022968676345
-0.2022946361915
-0.2022854448385
0.2038092565887
0.2028207037856
-0.2023627083691
-0.2025750290325
-0.2022975561709
-0.2022976755735
0.2022975159091
0.2022975159841
-0.2022975160086
-0.2022975160093
-0.2022975146354
-0.2022975156632
0.2022980659705
0.2022997048511
-0.1987401338489
-0.2013852029931
-0.2009576567301
-0.1972781063773
-0.2022975063243
-0.2022974774588
-0.2022975160034
-0.2022975159855
-0.2022975160135
-0.2022975160104
0.2022975143651
0.2022975094653
0.2022726191417
0.2021980215209
0.2957503748947
 0.309150469144
0.6429819504037
0.5169234624602
0.5281388486091
-0.02726027148384
0.6809602646249
 0.566633347375
0.08148643439466
0.08934209769857
-0.8184677020857
0.5953670059967
-0.05558837135158
0.2150981886923
0.9646095879887
0.9803629224561
0.9922166089484
0.9769020595005
0.9773574144225
0.9868297536822
-0.9673531712502
-0.9805501404732
-0.9771238894035
-0.9867303217439
-0.9765883901796
-0.9867287182789
-0.9723075781141
-0.9845872763508
-0.9736523456471
-0.9858772022129
0.9755691448308
0.9869124598308
 0.974261668103
0.9856907864662
0.9581888888738
0.9779570892751
0.9529944362332
0.9730018015255
0.8974396338544
0.9342452571605
0.8177234877647
-0.9615707616427
-0.9796839741468
-0.9576149163304
-0.9759222907063
-0.916065374909
-0.9363857845407
-0.9670642796953
-0.2185757079158
0.3443215192529
-0.06715038192123
0.9619386438434
 0.978516658923
0.9650329005792
0.9814126416971
0.9715852956132
0.9841608894931
 0.982843632371
0.9616020391405
0.9868419634816
0.9655307394545
0.9784622358447
0.9609266079964
0.9882413819813
 0.979104832741
0.9887280078558
 0.976458630519
0.9848455268947
0.9726750176119
 0.991786389125
0.9849864624958
0.9918415416037
0.9826928722152
0.9906272217936
0.9823696895142
0.9903244463526
0.9838101074406
0.9835008973535
 0.990962832715
0.9921949412674
0.9852121901678
0.9919294923708
0.9852606785361
0.9919741779017
0.9847881312555
0.9849547905821
0.9918224972979
0.9923919695054
0.9756977494275
0.9837411598575
0.9709081011103
0.9912665393583
0.9834792332821
 0.990943603577
-0.9815573201848
-0.9898743023658
-0.9819081152492
-0.9902040482473
-0.9794745215267
-0.9886961612081
-0.9890855600282
-0.9786617237792
-0.9632185518817
-0.9741952661517
-0.9544281988487
-0.9862856340317
-0.9728032863051
-0.9848599742038
-0.9850514339174
-0.9918480246795
-0.9850663354987
-0.9918619470311
-0.9923137016803
-0.9845453237745
-0.9916046296346
-0.9847146302852
-0.9755858078595
-0.9837279679437
-0.970858376368
-0.9912517176851
-0.9835095386939
-0.9909711444153
-0.9708911994623
-0.983705415702
-0.9744585287698
-0.9856216074019
-0.9722069289183
-0.9888713711087
-0.9916822535506
-0.9819410811103
-0.9770226416056
-0.9585307944019
-0.9669290249586
-0.9771047148773
-0.9616290036355
-0.9610383660289
-0.9312229685102
-0.9761717849312
-0.9846426776232
-0.9723135678502
-0.9916784873814
-0.9847776440165
-0.9917264604746
-0.918315152952
-0.963332736197
-0.9332853948583
-0.9696230942413
-0.9666042184731
-0.9812412873727
0.9809058058787
0.9896974443756
0.9802917324325
0.9891285476713
0.9635575480611
0.9815419449313
0.9653051091086
 0.946585614259
0.9717611834201
0.9450025944581
-0.9769331219835
-0.9611976288364
-0.9116964905144
-0.9352627585661
-0.9349648700305
-0.9477702054617
0.9159971658404
0.9590983370062
0.9339846154175
0.9659264002772
 0.984242093985
0.9681879326903
0.9740116702126
0.9876511761347
 0.977636509332
-0.9705720610928
-0.9855682648742
-0.969404201411
-0.9711028357656
-0.9837095618022
-0.9901834749251
-0.9710663535206
-0.9737694765085
-0.9874263868974
-0.9772673937177
-0.9771796951434
-0.9873544103075
-0.9925370927005
-0.9778869619694
-0.9778472090175
-0.9877692201664
-0.9860397116865
-0.9692339004108
-0.9895222512992
-0.9711320083517
-0.9913278861996
-0.9818434574929
-0.9670810195831
-0.9901035871305
-0.9370270738709
-0.8804841788174
0.9693597103405
0.9849532256308
0.9721114761171
-0.01284970417434
-0.3954189947958
-0.04516117116922
-0.4816547503461
-0.1901413734423
0.4559955583608
0.1904309557035
0.2773948990525
0.6469466112786
0.4317048712874
0.4687127586255
0.4505475369234
0.1085713540984
-0.08730640002645
0.2502060101641
-0.4384206339215
0.1450379168279
0.3667716788881
0.9452218783619
0.9476378264004
-0.9468616561405
0.9112517025055
0.8554588096047
0.9393293571434
0.8735254300299
0.8860148730223
0.8330275512051
-0.8198285738897
-0.9595816613758
-0.9386668521734
0.9887288044927
0.9755910148182
0.9078434453816
0.9724853250072
0.9209592215112
 0.971981155352
0.9810521296077
0.9837142701547
0.9841785894404
 0.980681514979
-0.9773743953866
-0.9886000726329
-0.9222498423668
-0.9710857400217
-0.9840068986888
-0.9917294641867
-0.9805654281233
-0.9925847117799
-0.9839592380484
-0.9676745142667
-0.966765138225
-0.943580953871
-0.958117022828
-0.9650847920575
-0.9808223003677
-0.9480333497332
-0.9390600898164
-0.9454172799181
-0.9652750776648
-0.9090294593955
-0.9106426926066
-0.9238198207347
-0.9848195861585
-0.9830247676048
0.9711848883949
0.9523711350564
0.9784176797859
0.9726853153373
 0.956998818039
0.9275083809121
0.9680848489754
0.9412806440701
0.9238055737285
0.9573990943728
-0.980682496049
-0.8958233388313
-0.9460666456551
-0.9578156972995
-0.9300356223848
-0.9691025835133
0.9361288490833
0.9443821707787
0.9740254812389
0.9573857188525
0.9793606474899
0.9644234338928
0.9514409091035
0.9750613975961
 0.983353683312
0.9616314644251
0.9799592704126
0.9668525078256
0.9843262225478
0.9725363863807
 0.962880263233
0.9820900566745
-0.9770325792801
-0.9622844253791
-0.9825105888129
-0.9765272694324
-0.9838805907135
-0.964235878507
-0.9766373496716
-0.9335565376502
-0.9795047905008
 -0.97972727673
-0.9669173752367
-0.9843417977605
-0.9817802283613
-0.9816945252934
-0.9485082115077
-0.9844451547219
-0.9907632478482
-0.9799997755002
-0.9302460077686
-0.9781067791315
-0.9766228831503
-0.9818925763607
0.9760479926004
0.9600435751975
0.9816031843465
0.9671741988701
0.9561579378875
0.9779019694201
0.2064359013112
-0.1015957610984
0.1358499579204
-0.02563110692158
0.2250966279592
0.2731653317838
0.1508100441374
-0.01116638435984
0.05683889066274
0.04560879085262
-0.02547427310568
0.009538497246387
-0.03998214629026
0.01179630059103
-0.170224218554
-0.09963777822013
-0.5066292072332
-0.197711511843
0.4060847295114
0.4101203659768
0.5279167118126
0.2478596006292
-0.5878597274019
-0.4639080321801
0.7110558474422
0.4851266777117
0.5397454201156
0.4262421057326
0.6054008281838
0.4550517703391
0.3228520627925
0.5682711949705
0.1554885204858
0.3401326827327
0.2280052604171
-0.250876213389
 0.397072540294
-0.5600345382869
 0.294540016886
0.1111227162496
0.1852730178613
0.9620227239506
0.9634461145767
-0.9629752758255
0.9684194773858
0.9443456316608
0.8647955824721
0.7072815700448
-0.8685959265937
0.9358761526705
0.9315508659927
0.9440647578689
-0.9401573378734
-0.9459229393326
-0.9623031164465
-0.9211326202266
-0.849911726892
-0.8812474808571
-0.974039515213
-0.9810588328672
-0.9796650649625
-0.9486566640309
-0.9044837692227
-0.9224993973045
-0.9426684974118
-0.9440859800736
0.9882841834583
0.9835117579021
0.9840367360464
0.9361082571206
-0.911555861817
-0.9207928530372
-0.875975753702
-0.9026735647134
-0.9059623127942
-0.931982834326
-0.8629789003312
-0.9393203273122
-0.9146447581025
-0.9833861064639
0.9889959592188
 0.989984159713
0.9535318661662
0.9911627042739
0.9899359514839
0.9746942472273
0.9496901801143
0.9608183129576
0.9700832690666
0.9653799157391
0.9917086055854
0.9923471124104
0.9656156814359
0.9368592086791
-0.9904197957901
-0.9915575185412
-0.9900626429885
-0.9751517412377
-0.9490931403297
-0.9611234930829
-0.9696289183578
-0.9685119494247
-0.9535700230991
-0.991350281211
-0.9641259963751
-0.9510028059447
-0.9441764988196
0.9903536112787
0.9909500350047
0.9608684235298
0.9232398189408
-0.1628297453433
-0.3644076879267
-0.5993831866862
-0.6209031523852
-0.3396833530813
-0.3751156175785
0.4733659700431
0.7594679863483
0.5362749951428
0.6611214576987
0.5295149729901
0.1060147619266
-0.2011130903175
-0.1892239958265
0.2482861438712
-0.3922852678815
-0.2831407684955
-0.1291931180444
-0.6552891021737
-0.5214496050056
0.1766252681123
0.2545972744443
0.04227151769509
0.9710064676275
0.9629334723899
 0.965641873707
0.9719709252081
0.9631571760027
0.9663838485843
-0.9716404224931
 -0.96280912708
-0.9660146821756
0.8625581052694
0.7744809966712
-0.8737717061401
-0.7992395528161
-0.8473838493821
0.9509646788745
0.9496971253502
0.9569156114156
0.9538169550414
0.9486200154061
-0.9556371820964
-0.9586073136937
-0.9529301957513
-0.9436805054383
-0.9565613593058
-0.9678199099442
-0.8811434741894
-0.8958978190504
-0.9759547576518
-0.8799516951171
-0.9237370204469
-0.915856882455
-0.9562465834305
-0.9576850511667
0.9356337900647
-0.8822213550363
0.9563735900021
0.9196462741116
0.9407253783147
0.9598276958122
0.9598675899104
0.9671631323068
-0.9292362231374
-0.9578832978551
-0.9592146304353
-0.9643720354825
-0.9613668175032
-0.9528367213429
-0.9601787429057
-0.9666261867418
-0.9525848259431
-0.9570234068159
-0.9725272694755
-0.9698033154346
-0.9555292569511
-0.9648363140823
-0.9698904777783
-0.9641270047949
-0.9671442682747
-0.9623103365334
-0.9594137795671
-0.9578819770082
-0.9492260096611
-0.9574876630425
0.9618860761783
-0.6188646183511
-0.7035087476489
-0.6209289407751
-0.4772951071241
-0.5086961134711
-0.5493012024916
-0.5293134976027
-0.5227953512247
0.5513276792194
0.5737481070402
0.4926467812071
0.3868789636992
0.3051878763402
0.3074342743223
0.4392042706744
-0.3654156420883
-0.2998323617897
-0.3998272056561
-0.1551726782994
-0.09111561890434
-0.1226091178539
-0.005404956462509
-0.03678153558732
-0.07150249794626
0.07076218244321
-0.2508457198571
-0.428309658955
0.03654958390808
0.1081359684624
0.9715729595578
0.9690168607485
0.9643765526933
0.9717780720894
0.9685533419543
0.9627780238999
-0.9715182110396
-0.9683473356896
-0.962679343301
-0.8685750984767
-0.8979226519103
-0.8305742241335
-0.7701449498443
-0.7665666268003
-0.953478413237
-0.9661359022036
-0.9655274063613
-0.9555591006146
-0.9313609297829
-0.934365089742
-0.8944788746371
-0.8255266529358
0.9002137585051
0.9529108182682
0.9302960414236
0.9667732264304
0.9678228277454
0.9476972691064
0.9752610876105
-0.9666208706141
-0.9725709171708
-0.9571864325229
-0.9313495532029
-0.9637234086399
-0.9725187710008
-0.9566756974038
0.9396241376657
 0.971628909136
-0.5364049165231
-0.5826377022028
-0.4227523776557
0.4631186515546
 0.498017983332
0.4944888260372
0.5676202961044
0.5606694552217
0.6404317885614
0.6446537112905
0.7003937291118
0.6669093395279
0.6219501763988
0.5995165584928
 0.720136103958
0.4605797455091
0.5167231548745
0.5538951607684
0.5625467752046
0.5622712611801
0.6014409180857
0.6164542523026
0.6521718001889
0.3636614697452
-0.01472584607166
-0.4080792488306
-0.2703087777563
-0.3451976401475
-0.04014535867061
-0.2015388568867
-0.4841797387419
-0.5587520757916
-0.5515717641943
-0.633167065717
-0.6355032913436
-0.6948885600061
-0.659379672356
-0.6146392447291
-0.5899101550998
-0.7126240381094
-0.4475852719254
-0.504528550053
-0.5428798996574
-0.5512814785541
-0.5512164188602
-0.5909562889863
-0.6069608492849
-0.6414307717279
0.06788075474789
-0.9136889672417
-0.9526918337152
-0.9615163218483
-0.9209827599919
-0.9340506906506
 0.953350577534
0.9585435792648
0.9331668698411
0.9457092803707
0.9462763698441
0.9584188560472
0.9656278479179
0.9557714779587
0.9645947465598
0.9667236619403
0.9465114456446
 0.957111233585
0.9541242750412
0.9748773973598
0.9703949466902
0.9741077626541
0.9760075128199
0.9613518630435
0.9689327069713
0.9673741036008
0.9814666594389
0.9776832739163
0.9709177474035
0.9734952968531
0.9572185330874
0.9654986300847
 0.964549905101
0.9789659508863
0.9740359865915
-0.6784375696426
-0.6754964006421
-0.4608009314264
0.5025586275011
0.5718975457355
0.6070718779416
  0.52845355939
0.4997387907986
0.5039451023487
0.3500079460424
 0.749302049389
0.7650379980927
0.6803500078606
0.2986508824511
 0.313906322569
-0.07097612096556
-0.05336758637429
0.1303744676641
-0.1232465565607
-0.3009693791426
-0.3330115565215
-0.3704667197535
-0.3383452273768
-0.3758502769588
-0.7441524309419
-0.7583908172975
-0.6713895502508
0.1063342749817
0.1039080210212
-0.9178295394763
0.9012505722737
0.9645218262838
0.9388590732123
0.9525081439861
0.9471702002168
 0.919973347594
0.9449330131542
0.9625666473304
 0.943956265579
0.9614095895896
0.9735298353697
0.9399250031501
0.9588115680785
0.9714324377619
-0.5940699299065
-0.4739629031246
-0.3426130791666
0.6738876698249
0.6428324764817
0.5599347394862
 0.561608138713
0.4059507103333
0.7628985574734
0.1912612719684
-0.2951885600136
-0.4183108610922
-0.8205876997056
-0.6994861407043
0.02734438308068
0.05839237846913
0.9413705434828
0.9152259212142
 0.958462745976
-0.5776079787424
-0.4168648035119
-0.4084496710119
0.5277897223057
 0.542872651441
0.4434970534885
0.4437598007701
0.4350825759301
0.2293668661845
-0.3347959067442
-0.382491211974
-0.4505407502941
-0.506802775185
0.0889625459609
0.1097264202372
0.05058048203192
-0.08967210154615
-0.2499213307034
0.0189355424593
0.04726981987607
0.04635867586406
-0.01116780130801
0.0256105019944
-0.01340526756633
0.03560455251764
-0.1046523267629
-0.6221878695806
-0.6508866235258
-0.5062072744312
-0.431363263391
-0.4175032231126
-0.3498380193671
-0.3707307396044
0.4741116112892
0.4718687824363
0.4291453366739
0.4193289640728
0.4399476517514
0.4596216287176
0.3918090973537
0.2573350432669
-0.4679920506487
0.2703627569094
-0.2464674374221
0.07035941475383
-0.5080191749227
-0.4409278070554
-0.4686135152995
-0.4543618658188
-0.2657332735451
-0.4371398322764
-0.5087015623751
0.03396141811254
0.04444256045122
-0.5402426767326
-0.4281357166907
-0.3552905957359
-0.4788013011151
-0.4549103687525
-0.3182683841366
-0.3029442951736
0.03243198050917
0.0327786418877
0.03738092354141
-0.2183356649657
-0.301901173146
-0.001103382042176
-0.2171596174381
-0.2262212547695
-0.1953800802099
-0.1550892628487
-0.1088414837791
-0.3333867069479
-0.2508131724991
-0.1760380399367
0.01944959797242
0.006169366010087
0.02274059899194
0.00271472576411
-0.0619858321477
-0.02989783081665
0.03505183910579
0.01398944934472
0.06086892889441
0.03484534261653
-0.1217618500515
-0.05542121935062
0.04467887219563
-0.02232879773867
-0.04434883778245
-0.01646643980861
-0.07782316344812
-0.0773922048934
-0.05267723670397
-0.2569147379401
-0.1995756571947
-0.3256195795892
-0.4255019072333
-0.2505174585767
-0.08422644302995
0.1465233643141
0.2934310379654
0.04322178572096
0.01716722902127
-0.03713765114811
-0.06557875680804
0.2258376118073
0.5133871310995
-0.3143420070377
-0.4770478571309
-0.06748326582709
0.4666743530061
-0.4624197733421
0.5164332410581
-0.8765391489062
0.8233077299376
0.8932079122601
-0.8224483042989
-0.4147938950446
-0.2847757698827
0.4661010430896
0.9773242390553
0.9667319569469
0.9844755680426
0.9769836196797
0.9918761316099
0.9926187870445
0.9924085521501
0.9930083987233
0.9839060203078
0.9758254423468
-0.9754824927582
-0.9627003194359
-0.9838373788932
-0.9757542972759
-0.9842795337726
-0.9766909320188
-0.9642053525084
0.9768706564456
0.9874878313155
0.9629741025245
0.9795938944992
0.9196042964705
0.9401707333239
 0.860049263909
  0.84812150509
0.9566068873205
0.9775481415812
0.9207448558614
 0.942014401473
0.9852045737633
0.9921096737399
0.9700247584783
0.9780807234063
-0.9481121419319
-0.9809460680001
-0.9899074205738
-0.9524911135553
-0.9849659938506
-0.9919883591545
-0.969600570993
-0.9777760394984
-0.9849118703835
-0.9919647221487
-0.9810093782323
-0.9720422392905
-0.9582600923858
-0.9513508152259
-0.9582278323365
-0.8808621733267
-0.824354486081
-0.9160442553236
-0.8997676626475
-0.8669236379845
-0.8587185976658
-0.8023693892039
-0.8433821313467
-0.8339499997878
-0.7705124519405
0.9814783070571
0.9900358513196
0.9616378170261
0.9718564700278
0.03282855123948
 0.967417740349
-0.9652708141231
0.9889800883369
0.9333883894571
0.9179241164954
0.9318865114358
0.8516940568658
-0.9840660574169
 0.971331586684
0.9667877411808
0.9733916509231
0.9425792888477
-0.9911307164612
-0.9709466645332
-0.9662139605738
-0.9729516712039
-0.9473993200855
-0.9920992551037
0.9648196557748
0.9584126609095
0.9664060108765
0.9265843232103
-0.1010574127462
-0.05498514604536
-0.1980992371012
0.7250171296241
-0.969229593605
-0.9711240102311
-0.4522419127601
-0.4481641609623
0.8290339212102
-0.8311203854246
-0.9350931262651
-0.9068140757607
0.9690548367795
0.9200608338685
-0.9684208778731
-0.9767876177288
0.1800107106425
0.1870341388523
0.009039781406258
-0.8465393561934
-0.9635981392592
 0.472859475893
0.5179356798844
0.5119581113142
0.4504499935947
0.5089629475492
0.5239306541601
0.4664751223752
0.5627015496013
 0.493802084073
-0.009753761830023
0.05919691270698
0.01649056336749
-0.4997203914082
-0.4357513195998
-0.4961962018841
-0.5117606082153
-0.4528936702105
-0.5514169958705
-0.4810810291658
-0.8685451563604
-0.9286397562444
-0.9594822558778
-0.9744470168975
-0.9703205469813
0.8212403720284
-0.3320065323572
0.9294998494252
-0.615283856153
 0.517971892666
0.3222471654733
-0.3959845973347
-0.2187674907448
-0.2209960382553
-0.2479148517307
-0.294146235979
-0.3181779605488
-0.2719703430271
-0.2214241240422
-0.2710978409205
-0.2102087025088
-0.1434259219494
-0.1626483258708
-0.2240903070246
-0.1259287950416
-0.03519315534062
-0.1696106538469
0.2761114793189
0.09310708904971
0.1796024882656
-0.02753974380313
-0.0679649000719
-0.4677478161461
0.8988253061979
0.8617541455282
 0.891663113609
0.8216019741761
0.9254920000632
0.8720358353028
0.8714872062163
0.8270042780889
0.8506428549586
0.8016119553942
  0.89204188711
-0.962018586394
-0.9708266538468
-0.9701597292097
-0.9735404138187
-0.9575289550886
-0.9653464952738
-0.9647178938671
-0.9732570228515
-0.9723053526091
-0.9760823595991
-0.9617211322645
-0.9685716464411
-0.7413081446609
-0.8009713646926
-0.7590188435843
-0.7076964645318
-0.7298875495736
-0.6952205921397
0.1140000652949
-0.1180604631261
-0.1310221480199
-0.1572198671066
-0.1525469657286
-0.08724317626722
-0.06289511331429
-0.08475908865974
-0.04391581899336
-0.08027141396612
-0.03214653876866
-0.04003749343272
-0.04296540029098
-0.01038376774076
-0.01909046743059
-0.02380745194701
-0.004047166137364
-0.002180893174806
0.002644481415216
-0.008971423309593
0.04201832379655
-0.000211145107511
-0.01226217935629
0.02449738018263
0.01165782167074
0.04602352342386
-0.0002197371467008
0.001890838267795
-0.001052267799975
0.01129199890993
-0.3221934533493
-0.09037899222367
-0.1055370133921
-0.06561971110473
-0.006287084910656
0.005472011431513
0.02795441536667
-0.01356851750051
-0.01546444189638
0.02576925073743
-0.0007574743385957
0.0802362020934
0.05146001758693
0.05532181025453
0.07474631096349
0.05787353536225
0.04554141437788
0.1402684224444
0.04918635599726
0.1028658860935
0.7090583414702
-0.9349343439221
0.9703082549696
0.9454813863652
-0.9707219574883
0.1540620235426
0.2004255221365
0.1278777514758
 0.176580277495
0.1469606056252
0.09937159228129
0.04535833562039
0.1544557300651
0.2062531076672
0.2742971969439
0.2575695009218
0.2903303812134
0.07233745802305
0.3766879247804
0.1330920419062
0.3360290279915
0.3241867663441
0.3914274638168
0.2920392877036
 0.420678934315
 0.419094837889
-0.8846873914887
0.5137323178661
0.0373693025753
0.1099267677456
-0.04374476735147
-0.1549344755608
-0.03805776508877
-0.01144095919556
-0.0618060986379
-0.3140797620193
-0.500968721795
-0.889831907563
-0.892466531667
-0.1161132944484
-0.263378781937
-0.2396327467696
0.0825480340382
0.7304008509575
0.9173921880945
  0.90288976723
0.8734129376589
 0.889169289291
-0.9581046259268
-0.964194587755
-0.9648226953367
-0.9289436665861
-0.9592123268447
-0.9435637257109
-0.9602782669964
-0.9658095487193
-0.9668786210523
-0.9458146009183
-0.9637707364694
-0.9394105636063
-0.9469399131362
-0.7714556079213
-0.6881372541774
-0.01145763506666
-0.006480112260397
-0.01212892187637
0.02243699361415
0.04569627046396
0.03075136889161
0.02593294969075
0.02369589746962
-0.1440550338868
0.1098494934577
0.6912213327991
0.7521022091085
0.8133968262379
0.8624698653196
0.8883286390607
0.9287481880603
0.9362485232306
0.8343148423446
0.7763477511682
0.7564556812065
-0.9335727008309
-0.949243221798
0.9735411665669
0.1919823549602
0.1025479930772
0.02635966366818
0.4668613003289
0.3700470097108
0.3283834096406
0.3899927070816
0.3382631579016
0.3703695130409
0.5616350110185
-0.3771419525495
-0.5500281500704
-0.2777075457544
-0.2365960283692
-0.306746858196
-0.1670755411402
-0.239310213291
-0.1841410445868
-0.3082097189194
-0.1999698516565
-0.3656875952731
-0.3323510258819
-0.3603198842695
-0.4037785104858
-0.4145588489157
-0.4125499400815
-0.4382147588895
-0.3839589554793
-0.4263918497908
-0.3976144206702
-0.9440029140418
0.4309810258895
0.3932185093313
0.4280873485327
0.4188176320398
-0.1183514946452
-0.1171821164888
-0.08489849826001
0.3526055006661
 0.420051613345
-0.4128545440327
-0.8980705991058
-0.4237348381229
-0.4238787943765
-0.5116762125637
-0.1651739754732
0.4174137644928
0.5190614450671
0.2095419591409
-0.5825841548063
-0.4651742364358
-0.395228408503
0.4695940585758
0.6047713119231
0.5479311317271
  0.44035078045
-0.4448758116951
0.5210712766186
-0.4239181980071
-0.4239182847276
-0.5116923184342
-0.1651818550814
0.4174090729135
0.5190596217883
0.2095411363838
-0.5825909258301
-0.4651773542368
-0.3952294314363
0.4695937304469
0.6047705683924
0.4403395060257
-0.4448762025452
0.5210503626513
-0.5250525641568
0.4239183086026
0.5116923281709
0.1651818598448
-0.4174090700755
-0.5190596206798
 0.465177356122
0.5825909299234
-0.4403394992133
0.4239183086552
 0.423918308589
0.5116923281654
0.1651818598424
-0.4174090700786
0.5825909299212
0.4669065060779
-0.4403394992143
-0.521050350017
0.4239183085921
0.5116923281727
 0.165181859872
-0.4174090700618
-0.5190596206803
0.4651773561705
 0.582590929936
-0.4403394991742
0.4239183148233
0.5116923405801
0.1651819079401
-0.4174090419585
-0.5190596102905
0.4651774345029
0.5825909538583
-0.4403394320025
0.4239183099504
0.5116923287201
0.1651818601123
-0.4174090699245
0.5825909301543
 0.466906506187
-0.4403394988282
-0.5210503492976
 -0.42389833397
-0.5116841541424
-0.1651778632633
0.4174140802035
0.5190691290764
-0.4651757558166
-0.5825874927254
0.4403414663142
-0.4238277838146
-0.5115156300888
-0.1644937397513
0.4183626639343
0.5210752269693
0.2168391196631
-0.5822590845532
-0.4641799942816
-0.3923317294075
 0.508830911702
 0.609241568332
0.4407051883858
-0.4407702167937
0.5211915615589
-0.4204328029425
-0.5102872070886
-0.1645047533495
0.4182512978675
0.5206471585848
-0.4649059527113
-0.5820032964786
0.4406703066994
0.4239279922753
0.5117115454381
0.1652563735366
-0.4173649570531
-0.5190433662202
0.4652966555799
0.5826278311817
-0.4402330791083
 0.423920428864
0.5116931925867
0.1651822826005
-0.4174088183946
-0.5190595228715
-0.2095410917459
0.5825912932816
0.4651775234036
0.3952294869384
-0.4695937126497
-0.604770528054
-0.5479309824322
-0.4403388944403
0.4448762237603
-0.5210492283725
0.4239183145173
0.4239183098675
0.5116923286867
0.1651818600971
-0.4174090699271
-0.5190596206276
-0.2095411358602
0.5825909301403
0.4651773562218
0.3952294320898
-0.4695937302432
-0.6047705679194
-0.4403394988495
0.4448762028035
-0.5210503493401
0.5250525642589
-0.4239183085875
-0.5116923281648
-0.1651818598423
0.4174090700789
0.5190596206869
-0.4651773561217
-0.5825909299211
 0.440339499214
-0.4239183085846
-0.423918308711
-0.5116923284089
-0.1651818607876
0.4174090695196
0.5190596204805
-0.4651773576364
-0.5825909303894
0.4403394978658
-0.4239183086151
-0.5116923281759
-0.1651818598472
 0.417409070076
-0.5825909299255
-0.4669065060795
0.4403394992071
0.5210503500032
0.4239182656574
0.5116923106066
0.1651818512619
-0.4174090808299
 -0.51905964109
0.4651773526866
0.5825909225393
-0.4403395034249
0.4239181118893
0.5116919373655
0.1651803380485
-0.4174109535224
-0.5190630803288
-0.2095555308126
0.5825901801895
0.4651749611064
0.3952207141296
-0.4696179731982
-0.6047770120063
-0.4403402528382
0.4448561128946
-0.5210506463001
-0.4270424655747
-0.5180885237603
-0.1960183441734
0.4070744316795
0.5146596608649
-0.4836353323917
-0.5948704209205
0.4288606304563
-0.4245788362084
-0.5119611339809
-0.1653125970409
0.4173342374406
-0.5827040536236
-0.4740431276469
0.4401527884976
0.5207029897351
-0.4238950320429
-0.5116460757764
-0.1650027326182
0.4175147575664
0.5190986030013
-0.4648876489614
-0.5825019627243
0.4405938161251
-0.4239132158141
-0.5116902519503
-0.1651808444722
0.4174096745608
0.5190598556145
 0.209541241903
-0.582590057193
-0.4651769543442
-0.395229300243
0.4695937725338
0.6047706637482
0.5479310082771
0.4403409517162
-0.4448761524255
0.5210530438514
-0.4239182943477
-0.4239183055155
-0.5116923269119
-0.1651818592288
0.4174090704441
0.5190596208285
0.2095411359509
-0.5825909293941
-0.4651773558782
-0.3952294319767
0.4695937302785
0.6047705680013
0.4403395000918
-0.4448762027588
0.5210503516444
-0.5250525642412
  0.42391830859
0.5116923281657
0.1651818598423
-0.4174090700785
-0.5190596206858
0.4651773561211
0.5825909299213
-0.4403394992144
0.4239183085968
0.4239183085921
0.5116923281666
0.1651818598427
-0.4174090700786
0.5825909299216
0.4669065060777
-0.4403394992136
-0.5210503500154
 0.423918308606
0.5116923282004
0.1651818599793
-0.4174090699978
-0.5190596206567
 0.465177356341
 0.582590929989
-0.4403394990187
-0.4239183023488
-0.5116923256132
-0.1651818585949
0.4174090716415
0.5190596236518
-0.4651773556217
-0.5825909288482
0.4403394998266
-0.4239182799923
-0.5116922713226
-0.1651816385069
0.4174093431386
0.5190601202756
0.2095432117232
-0.5825908208065
-0.4651770069441
-0.3952281522894
0.4695971320665
0.6047714934229
0.5479368759678
0.4403396086107
-0.4448732169669
0.5210503930481
-0.4239083586464
-0.4238707345439
-0.5115970619017
-0.1648112468894
0.4178458719243
0.5198139330077
0.2125368830308
-0.582406516588
-0.4645725438601
-0.3927946046711
0.4730849798629
0.6060549787715
 0.440517695825
-0.4382625795995
-0.5397769804538
0.5211209704999
-0.4244210152639
-0.5127171264744
-0.1691251792162
0.4132133309344
-0.5846194457468
-0.4740333623655
0.4385529237607
0.5203298036579
-0.4240263242447
-0.5117364713232
-0.1652034145927
0.4173820723294
 0.519008401499
-0.4651859841546
-0.5826094826575
0.4403289247552
0.4239179999004
0.5116917154614
0.1651794841794
-0.4174104754812
-0.5190601386373
0.4651735491894
0.5825897531385
-0.4403428878661
0.4239182410074
0.5116923006128
0.1651818463667
-0.4174090781015
-0.5190596238047
-0.2095411372934
0.5825909183392
0.4651773507878
0.3952294303008
-0.4695937308009
-0.6047705692142
-0.440339518491
0.4448762020963
-0.5210503857678
0.5250525639794
-0.4239183087779
-0.423918308629
-0.5116923281816
 -0.16518185985
0.4174090700689
0.5190596206673
-0.4651773561241
-0.582590929928
0.4403394992108
-0.4239183085882
-0.5116923281652
-0.1651818598428
 0.417409070078
-0.5825909299214
-0.4669065060788
0.4403394992143
0.5210503500173
-0.423918308588
-0.5116923281646
-0.1651818598403
  0.41740907008
 0.519059620687
-0.4651773561183
-0.5825909299202
 0.440339499217
0.4239183086597
0.5116923281942
0.1651818598562
-0.4174090700612
-0.5190596206527
0.4651773561265
0.5825909299332
-0.4403394992077
0.4239183089159
0.5116923288164
0.1651818623787
-0.4174090669495
-0.519059614961
-0.209541112097
0.5825909311715
0.4651773601229
0.3952294467257
-0.4695936912742
-0.6047705573373
-0.5479309226064
-0.4403394979609
0.4448762370189
-0.5210503495243
0.4239184227214
0.4239188587156
 0.511693406965
0.4814610802588
0.4239284590052
0.5117122561822
0.1652591685006
-0.4173119131036
-0.5188732109752
0.5826290573043
0.4652992731413
 0.543899322299
-0.4403008462261
-0.4754032759828
-0.5210351897772
-0.4210715438081
0.4237355809472
0.5114201840781
0.1640909076621
-0.4215966330308
-0.5333819096444
 0.582276839834
0.4661053157164
-0.4415725745842
-0.5214633284455
0.4238722371634
0.5116733622883
0.1651725438684
-0.4174207655433
-0.519081932756
0.4651735979308
0.5825829383477
-0.4403439702304
0.4239182795705
0.5116923162992
0.1651818540446
-0.4174090773424
-0.5190596344701
0.4651773538004
0.5825909249329
-0.4403395020593
0.4239181751275
0.5116920612536
0.1651808257285
-0.4174103107084
0.5825904134967
0.4669048147185
-0.4403400018631
-0.5210505487253
-0.4239183086712
-0.5116923283298
-0.1651818604809
0.4174090697011
0.5190596205474
-0.4651773571448
-0.5825909302375
0.4403394983033
-0.4239183086063
-0.5116923281724
-0.1651818598455
0.4174090700769
0.5190596206858
0.2095411358865
-0.5825909299241
-0.4651773561222
-0.395229432057
0.4695937302535
0.6047705679431
0.4403394992095
-0.4448762027905
0.5210503500078
-0.5250525642537
0.4239183085883
0.4239183085889
0.5116923281664
0.1651818598474
-0.4174090700759
-0.5190596206855
0.4651773561299
0.5825909299237
-0.4403394992073
 0.423918308837
0.5116923282664
0.1651818598913
-0.4174090700508
0.5825909299636
0.4669065060974
-0.4403394991441
-0.5210503498859
0.4239183097249
0.5116923304212
0.1651818685902
-0.4174090649039
-0.5190596187794
0.4651773701405
0.5825909342545
-0.4403394867369
-0.4239179114407
-0.5116921657385
-0.1651817804731
0.4174091695272
0.5190598094218
-0.465177324353
-0.5825908616369
0.4403395381607
-0.4239164880126
-0.5116887080463
-0.1651677643557
0.4174264225101
0.5190912881588
0.2096724240709
-0.5825839779492
-0.4651550822651
-0.3951473917561
0.4698067716928
0.6048290299997
0.4403464569384
-0.4446830513904
0.5210530877627
-0.5247019105111
0.4245644753542
0.4270410059914
0.5180879327959
0.1960179454089
-0.4070748236946
-0.5146602606258
0.4836350370471
0.5948701250856
-0.4288609482601
-0.5156396573736
0.4249033392528
0.5120931158107
0.1653771128053
-0.4171650833962
-0.518598727851
0.4652558631275
0.5827592576076
-0.4402420044253
0.4289275352087
0.4239183155822
 0.511692331025
0.1651818612379
-0.4174090683322
-0.5190596173641
0.4651773566843
0.5825909311232
-0.440339498546
0.4239183406497
0.5116923919122
0.1651821080483
-0.4174087643264
-0.5190590621078
-0.2095388259231
0.5825910523269
0.4651777482073
0.3952308755724
-0.4695898883709
-0.6047695350212
-0.440339376649
0.4448796009526
-0.5210503017948
0.4239183085925
0.5116923281667
0.1651818598427
-0.417409070078
-0.5190596206846
0.4651773561211
0.5825909299217
-0.4403394992143
0.4239183086082
0.5116923282049
0.1651818599968
-0.4174090698933
0.5825909299983
0.4669065063308
-0.4403394991395
-0.5210503499877
0.4239183085874
0.5116923281647
0.1651818598418
-0.417409070079
0.5825909299209
0.4669065060774
-0.4403394992149
-0.5210503500178
0.4239183085848
0.5116923281582
0.1651818598157
-0.4174090700945
-0.5190596206924
0.4651773560789
 0.582590929908
-0.440339499252
-0.4239183097756
-0.5116923286506
-0.1651818600792
0.4174090697817
0.5190596201224
-0.4651773562158
-0.5825909301251
0.4403394990983
-0.4239183140315
-0.5116923389891
-0.1651819019862
0.4174090182065
0.5190595260216
0.2095407444151
-0.5825909507083
-0.4651774227352
-0.3952296777056
0.4695930853217
0.6047703931522
0.4403394784141
-0.444876782677
0.5210503418325
-0.4239362648744
-0.5116996748588
-0.165185451118
0.4174045687122
0.5190510776185
-0.465178793451
-0.5825940189064
0.4403377337027
-0.4239999815498
-0.5118527094115
-0.165805883094
0.4165740354469
-0.582894387331
-0.4661115246111
-0.4980183555199
0.4400151281208
0.5209243870759
-0.9327751519026
-0.9850980833396
0.9834897941008
 0.967093602412
 0.987922331226
 0.991096668917
0.9899018826108
0.8948402288412
 0.923668839405
0.9049800864765
0.9250822693502
0.9564248601759
0.9680851413768
0.9573795495995
0.9658531562211
0.8928552303649
 0.966697096557
0.9703283185506
0.9751758635419
0.9687395335198
0.9717605620033
0.9768027154691
-0.9682130860124
-0.9768182984318
-0.9685979386041
-0.9741857211017
-0.962331049608
-0.9689222011888
-0.942366892747
0.9403269854763
0.9565989973453
0.9436341017079
0.9428690906443
0.9554910534068
-0.9537264472323
-0.9663740731059
-0.9015377594541
0.5971767527595
0.6096244646699
 0.629662521677
 0.294794058098
-0.6690208696296
-0.3698591105071
-0.3856610010162
-0.3709213501408
-0.4040475439211
-0.5478905858734
-0.5582382701545
0.9578941647656
-0.01462630242666
0.9044333812043
0.9249755794207
0.8589400372358
0.2829964624043
0.3426033807103
0.2054853934321
0.3432287772844
0.1987680365545
0.1152285115479
0.1382427129818
0.08778810052214
0.1053726239626
0.0509143802321
0.1294412163617
0.1785555900634
 0.120154372918
0.2522718557942
0.2147698426547
0.3305059509951
 0.186840596804
0.2391543648086
0.1714617553492
0.2826284189996
0.2568211969527
0.2278312485288
0.2015503498043
0.3606061090383
0.3696483758453
0.4154585232924
0.4018435905211
0.3573215905543
0.4494278013285
-0.9505671108841
-0.9545150542294
-0.9239046895806
-0.939521268383
-0.926538943352
-0.9371026558802
0.9829697416908
0.9767854384172
0.9712967696184
0.9902990239251
0.9904321247277
0.9652098006234
 0.948591077433
0.9503116765493
0.9602048017681
0.9646796050971
0.9591923226501
0.9586457113085
0.9416933011108
-0.9131435996231
-0.9030968201671
0.2407251459268
-0.3718182124013
-0.06439334668484
0.9130477814328
0.9462325809608
0.9545673234879
0.9701928811564
0.9570759850697
0.9326312079399
0.9447786038459
0.9296171600918
0.9817265729557
0.9829085265127
-0.9595536856669
-0.9651736146229
 -0.97776017389
-0.968438607571
  -0.9396467577
-0.9584450687852
-0.9869298459308
-0.9870545199104
-0.9461979339601
-0.9525737133209
-0.9704916800321
-0.9576812117351
-0.9413053399861
-0.950309824854
-0.9483925166045
-0.9530419972597
-0.9150313725928
-0.9132406834572
-0.9297857607231
-0.9578584953293
0.9674545275661
 0.974261944696
0.9734539981122
0.9739633859816
0.9735875524265
0.9661101648393
0.9689909607052
0.9772976713996
0.9855157183492
 0.949399156855
0.9795024215337
0.9732966719473
0.9915938371312
0.9915489424437
0.9681751806993
0.9520150966021
0.3553935890028
0.3844189889159
0.3762405205547
0.2894217356264
0.3298726202568
0.8979298554483
-0.938031203132
-0.9518473149154
-0.9331922962435
-0.9481151535494
-0.9272005798183
-0.9408414538959
0.9626918075998
0.9636662507506
0.9709611948202
0.9051575807021
0.2485040318383
 0.484168455148
-0.375747902307
0.4730010577422
-0.5500222262846
-0.449007158749
0.2639769654984
0.5383637159395
-0.3591025690461
0.4788551777904
-0.478019663824
-0.4421696143625
0.2501185423807
0.4998236852088
-0.3738303067535
0.4736153726545
-0.556922248326
-0.4482548556992
0.2485245637852
0.4842028732612
-0.375723056904
0.4730083235777
-0.5499834967995
-0.448997962532
0.08076332953289
0.05114089330807
0.09573386850587
0.1153958622566
0.3746561922801
0.9132349030969
0.9664192083222
-0.9215402427435
0.2489486969556
-0.8803933307479
-0.7532460351161
-0.319468436674
  0.66555011169
-0.9137152706794
 0.833274362696
-0.5725290279883
-0.3031209513222
-0.8538352698689
-0.9018124890208
-0.8736866857682
  0.58973942328
-0.1537414518435
-0.8395057659916
0.7733419819308
0.8712446886608
-0.2818033887131
0.7434543221871
  0.86009370214
-0.8424269449384
-0.8792636452747
-0.136243385359
-0.07578601684969
0.8280720041091
-0.8897327083112
-0.8282339470582
0.3144403965793
0.2928588902618
-0.006210477009974
0.8074665312754
-0.8260148884516
 0.881199345274
0.8740288766383
0.8452969345242
0.04836187835415
0.05227928053094
0.3698656384325
-0.5061075435796
0.1801585398208
0.1662494965232
0.3055371936186
-0.6199738660347
-0.4389692416992
-0.1944379249949
-0.3560394328282
-0.1679107676854
-0.2241626721028
-0.2026693850046
0.04803993849838
-0.7070168327418
-0.239026783417
-0.2563721861408
-0.2306410735029
0.2073314794502
0.1172545785236
0.1449312238661
0.05959697948291
0.4384060072601
-0.7998473566506
0.8254961092421
-0.1396791676265
-0.07232406986523
0.2788851167627
0.5535771373149
-0.7840870027618
0.7118941246292
0.7295645037158
-0.6828217972184
 0.162827339644
0.09099872880204
0.7152030036661
0.7894881433656
0.4612977051036
 0.738455720532
0.5333399456363
-0.2803207564271
0.01873157297202
-0.6111216174323
-0.5065011796462
0.5715402443594
0.1436632579213
0.3208708940569
-0.307555389948
0.2682717049653
0.1055732874306
-0.4496284775306
-0.519093620316
0.5817265830943
0.4355201230416
0.4619538180214
-0.3883238143694
-0.4683576566223
-0.339295240754
-0.3926058864029
-0.1043447909996
0.2168057320693
-0.3356712886598
-0.03262061062475
0.2045719281367
-0.3499680032622
-0.3088764563922
-0.1889152442204
0.0180772714554
0.3080067374608
-0.2160798793149
-0.0273240226389
-0.06310188969126
0.1213468681389
-0.183000374172
-0.2955585965181
-0.1480771468754
-0.2971869776023
0.00809883607232
0.2222485246684
-0.213232306702
0.3534267766347
-0.3249413500938
 0.204996053968
0.2643967803283
0.1552245668561
-0.3259051654009
-0.3293321855142
-0.3175667640681
-0.2867395102669
-0.2756966343581
0.001544871654804
-0.2017970802868
-0.2535399621487
0.07477900670894
-0.1051428993319
0.007363159292339
0.1188232019285
0.2105394263159
0.1452029441544
0.2682197744129
0.3216277655387
-0.1989661564733
-0.244097888273
-0.1281124448131
0.3241565998066
0.3374124199443
-0.3146064315747
-0.2922713402759
0.2544324153538
0.2945960844502
0.3039705162786
0.3608233728998
0.2662172552062
-0.3462981603637
-0.3082086854241
-0.2939046655563
-0.3868383520071
-0.2710201705003
-0.3235712797442
-0.3729499425504
-0.351417069622
-0.03156173242003
0.2275165325269
0.1472772333019
0.1485504289631
0.08142330265262
0.2584277091452
0.2972835745162
0.3046426927938
0.3234163251025
0.3593664219185
0.3598281553842
0.2716094216465
-0.1351051251589
-0.05810320169811
-0.1222235133217
0.3187129817551
 0.334513361361
0.3324126424199
0.3315308236067
0.4199279264704
0.3401246509663
-0.06631101789768
-0.2143431946825
-0.1709601189732
0.4965415571241
0.4007023211301
0.3421822348254
0.07548185393936
0.0771251814295
0.3755428692625
