             10
             10
             10
             10
             10
             10
             10
             10
             10
             10
             10
             10
             10
             10
             10
             10
             10
             10
             10
             10
             10
 9.852851825148
 9.740672437861
 9.663432911685
 9.597432599273
 9.540753571306
 9.488363672593
 9.440172702199
 9.396168233656
 9.354618634666
 9.315447507295
  9.27771875961
 9.241715979379
 9.207429882962
 9.174310486589
 9.142346641162
 9.111141301603
 9.080898687377
 9.051611000158
 9.023073460093
 8.995292624818
 8.968043457722
 8.941492365138
 8.915632500631
  8.89031865365
 8.865557972568
 8.841172504449
 8.817316273568
 8.793983128383
 8.770857984989
 8.748156795253
  8.72587370547
 8.703805965837
   8.6820611519
 8.660633656564
 8.639474261472
 8.618577510486
 8.597923061267
 8.577515630013
 8.557282441877
   8.5373005385
  8.51756476737
 8.498020534783
 8.478661866204
  8.45951390396
 8.440571710581
 8.421861741527
 8.403379172266
 8.384999212787
 8.366795201879
 8.348763261537
 8.330848283778
 8.313087932612
 8.295477628376
 8.278015762873
 8.260706630572
   8.2435142427
 8.226480072515
 8.209599727604
 8.192857647492
 8.176255249794
 8.159753767041
 8.143388067622
 8.127153931497
 8.111036324943
 8.095035894767
  8.07912221483
 8.063325895522
 8.047642863621
  8.03205562012
 8.016564395361
 8.001140490323
 7.985813883752
 7.970580623548
 7.955386255569
 7.940275618875
 7.925244817054
 7.910286278538
 7.895396146136
 7.880585367896
 7.865856601982
 7.851191417306
 7.836612493749
 7.822116072006
  7.80769291827
 7.793342703883
 7.779042966231
 7.764808052223
 7.750634291262
 7.736517179957
 7.722453078086
  7.70844294725
 7.694483174811
 7.680577285462
 7.666721693447
  7.65293509456
 7.639213933805
 7.625523124783
  7.61188623747
 7.598300366798
 7.584753018029
 7.571259175807
 7.557815360624
  7.54442419494
 7.531086326268
 7.517791050658
 7.504555038708
 7.491374877395
  7.47824925237
 7.465178057388
 7.452148566057
 7.439177064183
 7.426260206949
  7.41339561274
 7.400583016109
 7.387809574005
 7.375090094789
  7.36242129863
 7.349800454201
 7.337227118537
 7.324690054481
 7.312203126675
 7.299763115252
 7.287366997938
 7.275014167722
 7.262702355926
 7.250431414636
  7.23820202966
 7.226011595771
  7.21384849612
 7.201726398365
 7.189642176714
 7.177574708721
 7.165545644606
 7.153551882567
 7.141587887067
 7.129650573084
 7.117743540414
 7.105863718723
 7.094013817496
  7.08219078113
 7.070394841373
 7.058625103287
 7.046874039137
 7.035147742773
 7.023443190467
 7.011767203149
 7.000116770064
 6.988482963905
 6.976877238638
 6.965296601626
  6.95374577779
 6.942221788647
 6.930710703056
 6.919223613424
 6.907758072654
 6.896315130162
 6.884896201942
 6.873506522942
 6.862143666816
 6.850802208705
 6.839490745681
 6.828206360983
 6.816950526941
 6.805722631548
 6.794516161498
 6.783339297187
 6.772189156563
 6.761064343283
 6.749963840741
 6.738881499394
 6.727823737685
 6.716787704272
 6.705770688253
 6.694771469783
 6.683785813268
 6.672820986468
 6.661874162006
 6.650935952343
 6.640018963823
 6.629120381404
 6.618241173603
  6.60737853512
 6.596537338289
 6.585717346457
 6.574914456269
 6.564135071303
    6.553376412
 6.542637212899
  6.53191628651
 6.521208456851
 6.510517863146
  6.49984174873
 6.489184068897
 6.478542075469
 6.467910352187
 6.457296270076
 6.446697092201
 6.436116457215
  6.42555163681
 6.414994610817
 6.404452573027
 6.393923277666
 6.383404763248
  6.37290176703
 6.362411580721
 6.351935930256
 6.341473949816
 6.331023300035
 6.320588555026
 6.310167024097
 6.299759442577
 6.289364646384
  6.27898035437
 6.268611139284
 6.258254327331
  6.24791108867
 6.237580298251
 6.227259730489
 6.216953833532
 6.206659949914
 6.196379258689
  6.18611063038
 6.175852051195
 6.165607992307
 6.155375812197
 6.145156830239
 6.134949942248
 6.124752999335
 6.114570190037
 6.104398888627
 6.094239158192
 6.084089855652
   6.0739483415
 6.063816648018
  6.05369216266
 6.043574682722
 6.033461599321
 6.023354538943
 6.013250895392
 6.003157484824
 5.993071704562
 5.982996351396
 5.972928827307
 5.962871432058
  5.95282305691
 5.942782304544
 5.932754618648
 5.922737413495
 5.912725365789
 5.902723367916
 5.892729289151
 5.882742695683
 5.872769176049
  5.86280615849
 5.852848321558
 5.842900595733
 5.832960861848
 5.823027933851
 5.813104161554
 5.803186986024
 5.793278497084
 5.783376139745
 5.773481960852
 5.763593409104
 5.753712613224
 5.743838376424
 5.733969832485
 5.724109499232
 5.714254834088
 5.704406680814
 5.694563665378
 5.684724971837
 5.674893160343
 5.665065695673
 5.655242373192
 5.645423968736
 5.635611780237
 5.625803277536
 5.616001312634
  5.60620335801
 5.596407723763
 5.586618644004
 5.576833594529
 5.567053153198
 5.557274798036
 5.547502130874
 5.537732631743
 5.527968253605
  5.51820647863
 5.508448879998
 5.498694072822
 5.488941734381
 5.479192849489
  5.46944490431
 5.459701701729
 5.449960729376
 5.440221621134
 5.430486634322
 5.420753258687
  5.41102281887
 5.401292805792
 5.391566298912
 5.381840790164
   5.3721165326
 5.362396098881
 5.352676982507
 5.342961442376
 5.333246973251
 5.323535358967
 5.313825284329
 5.304117285652
 5.294412588329
 5.284708689918
 5.275007333771
 5.265307091854
 5.255608495111
 5.245912644427
 5.236217039639
 5.226523449806
 5.216830428196
 5.207138715066
 5.197449334169
 5.187759787014
 5.178071935028
  5.16838432806
 5.158697714127
 5.149012949564
 5.139327537068
  5.12964333183
 5.119958862743
 5.110274674567
 5.100590938653
 5.090908277486
 5.081224628369
 5.071541248706
 5.061858857836
 5.052174959068
 5.042490944396
 5.032807909901
 5.023123358727
 5.013439134687
 5.003752740618
 4.994067538175
 4.984381029944
 4.974695016252
 4.965006999473
  4.95531877394
 4.945628800839
 4.935938359171
 4.926247658924
 4.916554201264
  4.90685985669
 4.897165107035
 4.887467887025
 4.877769811485
 4.868070767531
 4.858368254178
 4.848664586846
 4.838960156542
 4.829252895931
 4.819544939118
 4.809836717623
 4.800125728096
 4.790413583052
  4.78069874728
 4.770982689309
 4.761265370098
 4.751544283951
  4.74182141353
 4.732095165175
 4.722367180778
 4.712637251617
 4.702902868744
 4.693166083621
 4.683425280505
 4.673682342655
 4.663937040796
 4.654186862017
 4.644434267204
 4.634677744082
 4.624919312798
 4.615158548416
 4.605392934036
 4.595625781111
 4.585856473134
 4.576082491002
 4.566305587492
  4.55652550662
 4.546740164936
 4.536951821975
 4.527159889203
 4.517361841682
 4.507559905111
 4.497752405905
 4.487941612866
 4.478126700539
 4.468305138062
 4.458479960094
 4.448648633125
 4.438813839917
 4.428974373279
 4.419127696017
 4.409274827685
 4.399413227634
 4.389547898887
 4.379677062836
 4.369798616696
 4.359915636636
  4.35002591207
 4.340126892845
 4.330224078202
 4.320315980429
   4.3104004888
 4.300480830379
 4.290556036496
 4.280623547954
   4.2706847891
 4.260737879057
 4.250785608371
 4.240826366937
 4.230857586675
  4.22088175671
 4.210897063463
 4.200906634583
 4.190908802659
  4.18090098966
 4.170885726141
 4.160861178512
 4.150830441466
 4.140791553448
 4.130741925844
 4.120683910156
 4.110615606899
 4.100537248257
 4.090448636789
 4.080349763172
 4.070238476041
 4.060119968422
 4.049991970816
 4.039851871628
 4.029707161997
 4.019553562444
 4.009388454771
  3.99921555079
 3.989032006124
  3.97883565137
 3.968630903006
 3.958415546528
 3.948186947815
 3.937948775543
  3.92769918025
  3.91744227588
 3.907174391327
 3.896892878925
 3.886605731093
 3.876310386253
 3.866004651184
 3.855692067243
 3.845368765223
 3.835032083171
 3.824689571874
  3.81433798694
 3.803975123167
 3.793604733829
 3.783224231039
 3.772830938091
 3.762425970788
 3.752007093885
 3.741578022424
 3.731135098269
 3.720675628617
 3.710202053596
 3.699712163545
 3.689210841126
 3.678694195317
 3.668159514308
 3.657610042556
 3.647043608631
 3.636465622676
 3.625872522578
 3.615261576812
 3.604637100699
 3.593997079419
 3.583345894049
 3.572676674476
 3.561986669547
 3.551287681067
 3.540568575525
 3.529826588906
 3.519067572483
 3.508288751951
 3.497492177343
 3.486675064667
 3.475838520142
 3.464979749471
 3.454101032213
 3.443199819927
 3.432283924042
 3.421349489633
 3.410393697159
 3.399422886372
 3.388434228352
 3.377431965964
 3.366410933449
 3.355368782996
 3.344313547005
 3.333240159773
 3.322145765929
 3.311042038923
 3.299923184537
 3.288786834119
 3.277636055889
  3.26646432058
 3.255268747462
 3.244050070896
 3.232805302001
 3.221541437538
 3.210251921374
 3.198933842405
 3.187591525949
 3.176222363521
  3.16483407238
 3.153419908291
 3.141976928011
 3.130509183623
 3.119013994314
 3.107499255194
 3.095958079649
 3.084387491684
  3.07279162433
 3.061167760163
 3.049523865948
 3.037852815942
  3.02615160066
 3.014424324848
 3.002668211451
 2.990891699981
  2.97908845049
 2.967255419404
  2.95539937174
 2.943517250312
 2.931605195099
 2.919660134475
 2.907701042274
 2.895711069233
 2.883687123631
 2.871640965584
 2.859563814913
 2.847453098822
  2.83531890205
 2.823153829533
 2.810954744397
 2.798727064872
 2.786467949055
 2.774186248731
 2.761867601647
  2.74950883133
 2.737132077062
 2.724725453007
 2.712286316178
 2.699822661815
 2.687318615768
 2.674770953756
 2.662202619943
 2.649597844027
 2.636953940811
 2.624278740686
 2.611558406355
 2.598789657767
 2.585971276112
  2.57309845528
 2.560182753476
 2.547207057936
 2.534168022764
 2.521069047075
 2.507905584312
  2.49469404423
  2.48141594544
 2.468067864067
 2.454655589768
 2.441174578891
 2.427642919693
  2.41404245655
 2.400369682463
  2.38663675116
 2.372839639526
 2.358997134464
 2.345085899773
 2.331102348317
 2.317086998063
 2.302999183543
 2.288835272091
 2.274602862641
 2.260298285239
  2.24591188589
 2.231436051928
 2.216892423479
 2.202257190057
 2.187526577837
 2.172714437744
 2.157816046568
 2.142858717963
  2.12782380258
 2.112707423531
  2.09750335598
 2.082207679422
 2.066854402773
 2.051408243109
 2.035865217501
 2.020215389906
 2.004454724875
 1.988639972028
 1.972726386715
 1.956710578863
  1.94061361833
 1.924400294821
 1.908066427589
 1.891607436827
 1.875013741617
 1.858312894627
 1.841461741858
 1.824455938091
 1.807301501938
 1.789989622846
 1.772559295656
 1.754964502601
 1.737200706708
 1.719279919165
 1.701193438946
 1.682983183142
 1.664600231744
 1.646039844544
 1.627307947115
 1.608394457693
  1.58933616411
 1.570068955199
 1.550587862739
 1.530889863218
 1.510961850942
  1.49085662668
 1.470500834445
 1.449889225317
 1.429027292807
 1.407901148093
 1.386567792135
 1.364935820757
 1.342999655965
 1.320746602305
 1.298157830648
 1.275291931907
 1.252017913745
 1.228329774749
 1.204201632457
 1.179607705774
 1.154642810765
 1.129138992585
  1.10308967485
 1.076462800443
 1.049225612532
 1.021477196159
0.9929663921794
0.9636858488286
0.9335556120817
0.9025257814477
0.8707475137816
0.8378394973893
0.8037932466462
0.7684085938275
0.7316015868682
0.6934765094822
0.6531994891578
0.6107601401074
0.5653150288422
0.5166419142837
 0.464272881142
0.4039919843649
0.3357836799873
0.2493368308986
0.1428127843762
              0
              0
              0
              0
              0
              0
              0
              0
              0
              0
              0
              0
              0
              0
              0
              0
              0
              0
              0
              0
              0
              0
              0
              0
              0
              0
              0
              0
              0
              0
              0
              0
              0
              0
              0
              0
              0
              0
              0
              0
              0
              0
              0
              0
              0
              0
              0
              0
              0
              0
              0
              0
              0
              0
              0
              0
              0
              0
              0
              0
              0
              0
              0
              0
              0
              0
              0
              0
              0
              0
              0
              0
              0
              0
              0
              0
              0
              0
              0
              0
              0
              0
              0
              0
              0
              0
              0
              0
              0
             10
 8.049870789061
 6.745193946835
 6.085633050802
 5.609654048881
 5.278534553871
 5.006616360959
 4.788804012454
 4.625041343506
 4.477935303431
 4.352617791506
 4.249056493499
 4.157530686953
 4.078016771124
 4.006647841116
 3.943405493816
 3.887387269377
 3.838578723003
 3.793746173374
 3.752878060018
 3.714180896414
 3.678444449709
 3.645659504945
 3.615068446975
 3.586663387624
 3.560374848918
 3.536296886203
 3.513763936609
 3.493215176898
  3.47464530839
 3.457628533697
 3.442185673873
 3.427840086952
  3.41493468896
 3.403466152126
 3.393171324151
 3.384072303873
 3.375776096448
 3.368506395481
 3.362261326415
 3.356801613665
 3.352135925581
  3.34801581456
 3.344600909898
  3.34189033103
 3.339712034162
 3.338073476218
 3.336787684229
 3.335979290242
 3.335648085808
 3.335499122732
 3.335702721321
 3.336258934073
 3.337039104992
 3.338132505811
 3.339539369456
 3.341166789362
 3.343082121411
 3.345285859489
 3.347735447237
 3.350437593555
 3.353309279648
 3.356393614198
 3.359691392526
 3.363139551883
 3.366738981408
 3.370480240103
 3.374364292684
 3.378382496227
 3.382535886861
 3.386862355287
 3.391363017124
 3.395939025918
 3.400637522844
 3.405459508822
 3.410359426444
 3.415358602314
 3.420458325513
 3.425652922783
 3.430947414969
 3.436316132669
 3.441784046426
  3.44735256619
  3.45300699803
 3.458750551548
 3.464555870087
  3.47044159646
 3.476409248355
 3.482440554694
 3.488537474374
 3.494679637646
 3.500891168453
 3.507173668494
 3.513486686119
 3.519848763051
 3.526261254603
 3.532711521885
 3.539223393519
 3.545798548651
 3.552402242442
 3.559054278295
 3.565756073295
  3.57249248961
 3.579271776182
 3.586095681111
 3.592942500969
 3.599814001268
 3.606706827234
 3.613622756244
 3.620558891246
 3.627517033405
 3.634489730834
 3.641480818442
 3.648492098945
 3.655517958091
 3.662560207558
 3.669617279689
 3.676690994213
   3.6837789555
 3.690882991244
 3.698001822645
 3.705137285356
 3.712286062994
 3.719449998934
 3.726622967137
 3.733809422952
  3.74101121947
 3.748227821734
 3.755461090609
 3.762701453407
  3.76995280497
 3.777216690055
 3.784487797009
 3.791767745023
 3.799058411296
 3.806358459371
 3.813669446774
 3.820987976735
 3.828316502485
 3.835656913748
 3.843006784324
 3.850367574007
 3.857735758514
 3.865113600858
 3.872503003483
 3.879901233315
 3.887309700586
 3.894724700084
 3.902147817067
 3.909580965653
 3.917020671482
 3.924468149467
 3.931920475303
 3.939379713575
 3.946847787714
 3.954319157767
 3.961796698364
 3.969282337655
 3.976773029163
 3.984270704428
 3.991772479378
 3.999280288413
 4.006792831623
 4.014312046183
 4.021836309852
 4.029367004721
 4.036901655507
 4.044441203724
 4.051987593509
 4.059537502874
 4.067092878629
 4.074651275197
 4.082213630069
 4.089781893266
 4.097354871013
 4.104934516069
  4.11251679503
 4.120102530298
 4.127693337864
 4.135286394827
 4.142881755159
 4.150481377391
 4.158083832869
 4.165690401808
 4.173299402162
 4.180911350101
 4.188528208434
 4.196148145267
  4.20377245375
 4.211399344869
 4.219029342672
 4.226664414622
 4.234302488797
 4.241944834077
  4.24958950844
 4.257237280207
 4.264890121423
 4.272544853609
 4.280201731718
 4.287862386897
 4.295525009904
 4.303190400227
 4.310860534456
 4.318532558189
 4.326206985559
 4.333885451451
 4.341566051021
 4.349249085775
 4.356936536852
 4.364625145288
 4.372316893658
 4.380010447732
 4.387707791363
  4.39540780391
 4.403111846766
 4.410818181745
 4.418527208334
 4.426240914373
  4.43395549709
 4.441672945759
 4.449392439797
 4.457114213856
 4.464839912906
  4.47256767342
 4.480297690351
 4.488031956951
 4.495766185082
 4.503502369084
 4.511239353249
 4.518976786506
 4.526716664023
 4.534457277509
  4.54220062295
  4.54994574281
 4.557693940161
 4.565443850964
 4.573195762737
  4.58095167438
 4.588709786024
 4.596471380692
 4.604234765007
 4.612000095762
 4.619769375319
 4.627540607881
 4.635315048419
 4.643091157126
 4.650869116044
  4.65865093079
 4.666434744648
 4.674221830813
 4.682010567438
 4.689801039524
 4.697595255915
  4.70539115335
 4.713189917603
 4.720990047429
 4.728791881426
 4.736597431367
 4.744404141891
 4.752212420648
 4.760024281075
 4.767837696727
 4.775654682364
 4.783472525187
 4.791293241096
 4.799115465664
  4.80694121592
 4.814769099211
 4.822600449054
 4.830433739841
 4.838269358256
 4.846109324785
 4.853950592585
 4.861795183597
 4.869641483317
 4.877489673787
 4.885341778732
 4.893196507787
 4.901055886362
   4.9089170779
 4.916780472441
 4.924647745126
 4.932516699822
 4.940387384798
 4.948261829579
 4.956138747839
 4.964019464101
  4.97190244819
 4.979788234082
 4.987678855198
 4.995572633155
 5.003470928302
 5.011371965613
 5.019276385632
 5.027186226583
 5.035099493419
 5.043017529572
 5.050938395333
 5.058863431014
 5.066794680156
 5.074728428259
 5.082665510892
 5.090607618894
 5.098552696832
 5.106502068089
 5.114457782481
 5.122415722837
 5.130377454949
 5.138345031819
 5.146315768002
 5.154291718821
 5.162271826155
  5.17025754154
 5.178246971919
 5.186241138253
 5.194242101907
 5.202247629905
 5.210259106913
 5.218273897722
 5.226292916339
 5.234318230541
 5.242345648313
 5.250376348126
 5.258412400769
 5.266451749173
 5.274494798626
  5.28254326254
 5.290594734559
 5.298649658993
 5.306710112875
  5.31477195338
 5.322837259325
  5.33090456074
 5.338975115309
 5.347051004096
 5.355130794766
 5.363216570766
  5.37130775544
 5.379405934846
 5.387508800901
 5.395617734636
 5.403734827012
 5.411857964101
 5.419988626966
 5.428124187071
 5.436266030613
 5.444416257038
 5.452572501324
 5.460736223908
 5.468904538669
 5.477078480439
 5.485260156941
 5.493446780068
  5.50163972693
 5.509836699142
 5.518039966689
 5.526251644857
  5.53446688175
 5.542687370372
 5.550914861934
 5.559146856952
 5.567385543464
 5.575633045889
 5.583883889872
 5.592141132169
 5.600406901984
 5.608677997123
 5.616955748945
 5.625241920862
 5.633533544886
 5.641832117765
 5.650139779359
 5.658454299863
 5.666777217444
 5.675105302438
 5.683439675055
 5.691782484386
 5.700128842407
 5.708480901301
 5.716837172184
 5.725198884766
 5.733567820346
 5.741941436398
 5.750322473659
 5.758713093253
 5.767108091308
 5.775510253396
  5.78392136943
 5.792339135634
  5.80076672462
 5.809206309516
 5.817655256469
 5.826112558522
  5.83457848033
 5.843055204905
 5.851539573979
 5.860033775322
  5.86853725304
 5.877051851321
 5.885573979571
 5.894105890934
  5.90264978544
 5.911202438881
 5.919765412889
 5.928335194931
 5.936915519189
 5.945508598175
 5.954107082427
 5.962713746348
 5.971330423418
 5.979953922775
 5.988588212596
  5.99723551931
 6.005888530843
 6.014550555857
 6.023223439626
  6.03190367395
 6.040593797741
 6.049296051825
 6.058009380122
  6.06673570622
 6.075471393419
 6.084219463371
 6.092982171845
 6.101756199187
 6.110543246523
 6.119338765548
 6.128146745737
 6.136969458306
  6.14579791618
 6.154637800244
 6.163491389942
 6.172354604797
  6.18122973027
 6.190115940355
 6.199015526441
 6.207932146547
 6.216868099902
 6.225812674558
 6.234771343595
 6.243746015479
 6.252731428369
 6.261733374837
 6.270754176114
 6.279783007818
 6.288824248641
 6.297879824637
 6.306944624617
 6.316021509738
 6.325112820557
 6.334217594487
 6.343337920839
  6.35246944565
 6.361616252266
 6.370780699271
 6.379960310789
 6.389157109908
 6.398366107267
 6.407591464461
  6.41683556033
 6.426094892211
 6.435371396833
  6.44465955284
 6.453964378451
 6.463288272995
 6.472626979673
 6.481979286327
 6.491346413931
 6.500730777882
 6.510132470179
 6.519553915133
  6.52898376385
  6.53843212254
 6.547901427546
 6.557385159145
 6.566885762803
 6.576400280097
 6.585931164429
 6.595477256816
   6.6050410188
 6.614620566401
 6.624218079694
 6.633827499011
 6.643452367587
 6.653095167279
 6.662753921642
  6.67243112127
 6.682119518651
 6.691825038478
 6.701550183406
 6.711295007815
 6.721062024495
 6.730839086213
 6.740632871208
 6.750445465852
 6.760270806187
 6.770113254202
 6.779975347859
 6.789856015848
 6.799757755064
 6.809675296077
 6.819614457734
 6.829577802934
 6.839562585155
 6.849571211968
 6.859597007497
 6.869645948116
 6.879720625032
 6.889816530889
 6.899935906422
 6.910071991998
 6.920235221923
 6.930428216874
 6.940634588502
  6.95086319355
 6.961116211019
 6.971388173148
 6.981692469383
 6.992031756779
 7.002387423294
 7.012771594996
 7.023186484028
  7.03362368575
 7.044089880756
 7.054587767845
 7.065109881913
 7.075658936181
 7.086233604845
 7.096836614678
 7.107466418445
  7.11812588876
 7.128805276359
 7.139513988746
 7.150254787259
 7.161008378369
 7.171788128493
 7.182596817283
 7.193420519381
 7.204267255138
 7.215139821481
 7.226042065907
 7.236976799657
 7.247926901933
 7.258903968971
 7.269910339219
 7.280937989071
 7.291996751718
 7.303089478763
 7.314209242349
 7.325355015976
 7.336531866178
 7.347742675006
 7.358983378686
 7.370256875733
 7.381566629779
 7.392916545386
 7.404297538822
 7.415722520487
 7.427194436415
 7.438710760547
 7.450275180419
 7.461874923707
 7.473522913138
 7.485222152248
 7.496966198807
 7.508758402917
 7.520584527435
 7.532455727297
 7.544375063598
 7.556333276138
 7.568333335785
 7.580365370447
 7.592450526331
 7.604591919704
 7.616758926881
 7.628986317111
 7.641277243333
 7.653618476109
 7.666013197737
 7.678461270756
 7.690965905012
 7.703527213171
 7.716148434275
 7.728826214195
 7.741564884304
 7.754345118275
 7.767180057707
 7.780073012203
  7.79302748971
 7.806046830655
 7.819106802301
 7.832231880481
 7.845425449613
 7.858693530274
 7.872039543756
 7.885423006465
 7.898873816461
 7.912394839171
 7.925970110704
  7.93962243092
 7.953355320191
   7.9671713076
 7.981077191272
 7.995054672364
 8.009132833617
 8.023315305209
 8.037598524304
 8.051988983948
 8.066460231947
 8.081042948826
 8.095740894868
 8.110541533857
 8.125450629186
 8.140442015122
 8.155572832731
  8.17084698363
 8.186187708595
 8.201644684203
 8.217221203257
 8.232890882874
 8.248709564472
 8.264681327038
 8.280718768496
 8.296902167249
 8.313235696332
 8.329695105825
 8.346284639931
 8.363017903797
 8.379906448054
 8.396915638642
 8.414090340572
 8.431434982495
 8.448931579418
 8.466587938752
 8.484364386125
 8.502338348245
 8.520514459858
 8.538784004293
 8.557276802111
 8.575997621844
  8.59484711945
 8.613916661103
 8.633211164052
 8.652797274955
 8.672680044264
 8.692711167407
 8.713020448828
 8.733612215018
 8.754431699982
 8.775600629694
 8.797124462753
 8.818942291183
 8.841061009506
 8.863575349532
 8.886491116784
 8.909807830827
 8.933531504085
 8.957749288335
 8.982495482793
 9.007684525687
 9.033532416276
 9.060045819669
 9.087285302318
 9.115292986826
 9.143932442571
  9.17351626265
 9.204052075513
 9.235679774096
 9.268465975333
 9.302301026525
 9.337811397821
 9.375006245887
  9.41442342135
 9.456219622196
 9.500493918923
 9.549517045053
 9.603301641633
 9.666387896992
 9.739644445414
 9.834235758165
             10
             10
             10
             10
             10
             10
             10
             10
             10
             10
             10
             10
             10
             10
             10
             10
             10
             10
             10
             10
             10
             10
             10
             10
             10
             10
             10
             10
             10
             10
             10
             10
             10
             10
             10
             10
             10
             10
             10
             10
             10
             10
             10
             10
             10
             10
             10
             10
             10
             10
             10
             10
             10
             10
             10
             10
             10
             10
             10
             10
             10
             10
             10
             10
             10
             10
             10
             10
 9.948126592914
 9.894445527098
 9.840052237805
 9.784349368654
 9.726025118207
 9.667020507451
 9.608089438698
 9.546106259873
 9.484400714943
 9.420348144457
 9.357343189274
 9.291390245879
 9.225657555657
 9.158393974084
 9.089856795472
 9.022494411399
 8.951802903773
 8.883033647451
  8.81155334239
 8.742029888488
  8.66978132147
 8.598925959036
  8.52585568106
 8.453319902102
 8.379628345148
 8.307759371186
 8.233473956917
 8.160269496707
 8.086895241079
 8.013353537556
 7.938070744658
 7.863406386628
 7.787404712203
  7.71004849416
 7.634006349455
 7.553565341693
 7.473444141467
 7.389376476566
 7.305277497764
 7.223138692582
  7.08221702244
 6.930952162077
  6.77798046666
 6.619355824881
 6.459684984263
  6.29723189356
 6.130710524131
 5.963335853232
 5.794401105636
  5.62327798316
 5.452332525608
 5.281073877868
 5.109537105114
 4.940536135601
 4.773222604083
 4.610239929034
 4.450153494051
 4.294103777293
 4.145086335253
 4.001150728875
 3.865059970159
 3.736447151734
 3.615269659994
 3.503710624952
 3.400547095468
 3.310407896878
 3.228785883218
 3.160117940519
 3.110448704848
 3.110052081205
 3.109489404956
 3.108834250588
 3.108115788177
 3.107300464397
 3.106364886914
 3.105338632702
 3.104175778458
 3.102903382928
 3.101527402483
 3.100040360266
 3.098369935327
  3.09652168173
  3.09441624301
 3.092178819451
 3.089654853005
 3.086728666864
 3.083590077176
 3.079980337467
 3.075716618692
 3.070813375356
 3.065045836611
 3.058641594144
 3.050575842419
 3.040418368038
 3.026874138803
 3.009206714185
 2.985176467834
 2.938434365588
 2.863967644908
 2.795928933708
 2.728175772992
 2.660755506972
 2.592848669441
 2.524493025076
 2.455710646244
 2.386422381284
 2.316657912954
 2.246459335734
 2.175816952711
  2.10471827876
 2.033187360214
 1.961218921748
 1.888822444304
  1.81603017477
 1.742831477717
  1.66926410251
 1.595330728027
 1.521074057819
 1.446484303648
 1.371638098276
 1.296494845864
 1.221094731961
 1.145511741058
 1.069725338695
0.9937626131009
0.9176810542453
0.8414749654639
0.7651676318449
0.6888025028473
0.6123889735291
 0.535940637251
0.4594895733247
0.3830397662533
0.3066169859345
0.2302069607664
 0.153779752347
0.07727840612279
 9.967804985113
 9.934105447606
 9.899587039878
 9.864284793505
 9.828427269866
 9.791812024506
 9.754657135661
 9.716820615783
 9.678301139805
 9.639532483175
 9.599896864248
 9.559897761275
 9.519205766781
  9.47806998961
 9.436532863462
 9.394500432874
 9.352244161446
 9.309265559266
 9.266224082319
 9.222841333758
 9.179294404912
 9.135210751727
 9.091270727397
 9.046918596912
 9.002817025355
 8.958560875577
 8.914668286966
 8.870762847263
 8.827267486159
 8.784195213931
 8.741810071177
 8.700018508379
 8.659138174823
 8.619544697873
 8.581240579133
 8.543884403294
 8.507537868479
 8.473168157533
 8.438275691486
 8.396942982941
 8.429157115793
  8.44437175667
 8.448144672576
 8.444296939066
 8.432188849749
 8.412087302161
 8.384826242132
 8.348824944706
  8.30551602867
 8.256183847135
  8.19621991001
 8.128646425878
 8.049741342135
 7.963554893606
 7.866093012138
 7.759214664876
 7.640841016634
 7.506081932749
 7.361274650488
 7.195176650759
 7.015483679206
 6.808373501538
 6.583442062619
 6.325528496093
 6.038638618003
 5.704937542218
 5.282843282262
 4.768187014206
 3.626437812761
 3.563868619734
 3.535931844658
 3.512853855474
 3.491688028095
 3.471993501441
 3.453449589256
 3.435158545707
 3.417476742402
 3.399593970907
 3.382011350174
 3.364030092641
  3.34587311451
  3.32802272683
 3.309717833899
 3.291638493017
 3.272956279947
 3.254507940069
   3.2356007648
 3.216433879655
 3.197433756621
 3.177729779752
  3.15793336736
 3.137137416249
 3.115816534318
 3.092636487971
 3.067336091692
 3.039033402806
 3.000285415069
 2.947306111034
  2.87328020483
  2.80256571492
 2.733214911694
 2.665240841901
 2.597101394204
 2.528698288359
 2.459933436251
 2.390675066097
 2.320969701852
 2.250781552766
 2.180123578065
 2.108983904248
 2.037389886638
 1.965312086384
 1.892821710323
 1.819848699819
 1.746541913831
 1.672783775897
 1.598721541334
 1.524223329149
 1.449474214858
 1.374388140464
 1.298980943509
 1.223365905118
 1.147572079555
 1.071529807932
 0.995396209106
0.9190667707726
0.8426634467483
0.7661457198123
0.6895831048172
0.6129414099116
 0.536342082217
0.4596926430721
0.3831346372055
0.3065578657728
0.2300825627984
 0.153597784718
 0.077139213567
 3.619374857421
 3.537423845299
 3.496308309552
 3.463805646172
 3.433823816458
 3.406827467714
 3.382829918585
 3.360528006462
 3.339921731343
 3.320577190156
 3.302501549822
 3.285479295634
 3.269320519103
 3.254190162862
 3.240139082571
 3.226938591513
 3.214628067849
 3.203104290302
  3.19239055418
 3.182645003684
 3.173767253116
 3.165700876639
 3.158354193795
 3.151748638975
 3.145817451799
 3.140577684517
 3.135911721555
 3.131697590766
 3.127955998614
 3.124720724608
 3.121919097647
 3.119551117729
 3.117494703101
 3.115756626718
 3.114262052619
  3.11304832393
 3.112056904316
 3.111286606331
 3.110732023562
 3.110442855887
             10
              0
             10
              0
 9.984658128619
 9.992468548824
 9.996315215646
 9.998195740735
 9.999116586602
 9.999566224724
 9.999786850947
 9.999894315057
             10
             10
             10
             10
             10
             10
             10
             10
             10
             10
             10
             10
             10
             10
  9.99983175213
 9.999544803284
  4.38944889639
 3.581352885192
 3.132387381813
 3.110263185855
 9.999854247366
 4.147730214122
 3.595455488944
 3.120935157441
 3.110363967806
 9.999392476589
 3.991242059837
 3.605711275502
 3.115714684722
 3.110404139972
 3.877431497187
 3.612120194944
 3.113354615386
 3.110426062729
 3.793794240074
 3.616899012219
 3.112080930034
 3.110435390111
 3.721989671067
 3.619774271976
 3.111364572167
 3.110440530789
 8.873238158224
 7.341997187574
 6.302357597955
 5.383427061029
 4.561556328379
 3.780811336171
 3.516077813902
 9.748223903803
 7.524188579967
 6.336184478395
 5.308961731277
 4.305466566676
 3.227290325591
 1.867312802937
   3.7070402619
 3.791466582056
  3.56418392504
 3.111533862415
 3.112087470728
 3.110532358421
  7.98763082117
 8.387681895529
 8.622592946781
  8.74270072272
 8.806579519169
 8.851728737074
 8.897552002214
 8.992363610017
  7.35331666696
 7.398414486704
 6.804618980407
 7.070256661925
 7.209599529312
 7.275300281944
 7.308518551206
 7.330895345525
 6.311463461589
 6.347833569011
 5.838777812352
 6.071044772933
 6.194501950822
 6.248179199722
 6.284270728232
 4.967945111265
 5.174227479578
 5.286549532136
 5.342991710781
 5.367247074101
 5.391552746962
 5.424024860962
 4.569315369044
 4.600340487617
 4.169478309265
 4.368458893712
 4.468689684592
  4.52283999482
 4.546067640921
 3.788113306291
  3.81728152149
 3.433190977491
 3.596270477784
 3.687253398327
  3.73735366297
 3.766298192802
 3.500558735165
 3.428572048883
 5.705247542613
 3.936828161189
  3.65168601651
 3.568073465066
 9.745062513854
 9.494569942284
 8.251423286698
 7.858149664749
 7.673396176071
 7.591307941966
 7.550985139791
 7.511087914083
  7.45841720788
 6.325784393234
 6.284112399126
 6.856350115666
 6.580217059026
  6.45193378041
 6.388603401571
 6.357137377325
 5.299261904715
 5.260450627014
 5.788293527351
 5.542597387573
 5.425609146868
 5.357524473995
 5.328384833002
 4.775850834608
 4.541866316536
 4.424075801253
 4.364883583288
  4.32528562415
  4.29552792171
 4.255796787676
 3.746856864267
 3.492182965903
 3.349913815566
 3.283303318187
 3.249720665125
 3.215936772767
 3.170645798415
 2.566902556003
 2.224573894707
 2.044015955611
 1.949150012009
 1.900164037376
 1.850112843253
 1.781991756104
 3.708154549471
  3.79637218587
 3.110958223676
  3.11140374137
 8.001942156148
 8.058732302964
 7.684433213311
 7.838561927261
 7.918858056882
 7.960045759369
 8.405254912923
 8.474814493232
 8.224534142652
  8.30449301888
 8.354273614801
 8.642569178255
 8.565823907337
    8.604052795
 8.764495277539
 8.702176122442
 8.944387680016
 9.019629065245
  9.12577330344
 7.375818975434
 7.409942789647
 7.455859447407
 6.814611003286
 6.854477854247
 6.581087602979
 6.696614049684
 6.755282344616
 6.784866428874
 7.080906368697
 7.123353204751
 6.966147029267
 7.028268307423
 7.059810985161
 7.220544968966
 7.177097683751
 7.198807750632
 7.286419243789
 7.253346216339
 6.329630494789
 6.357018501972
 6.393685609162
 5.847284464828
 5.881265343373
 5.629353495834
 5.737727585398
 5.788088832422
 5.813386407556
 5.830331155869
 6.079825445323
 6.114892255091
 5.975603172261
  6.02751846167
 6.053623020432
 6.203446941768
 6.159014820491
 6.185654745928
 6.257206230792
   6.2302549844
 4.975839693317
 5.007402733872
 4.787371736413
 4.881403548199
 4.928571384645
 4.952193008591
 5.182235525871
 5.214246166435
 5.094561959456
 5.134342987219
 5.158270066078
 5.294615554409
 5.254378944079
 5.270462060281
 5.351083587529
 5.318792947463
 5.334933487397
 5.407780553993
 5.432184262642
 5.464791081989
  4.58482442668
 4.608113070669
 4.639191097919
 4.177099564912
 4.207568325264
 3.995499481472
 4.085977801975
 4.131476491018
 4.154274476952
 4.376159532826
 4.406949234446
 4.291681418038
  4.33771144711
 4.360777663089
 4.476427870433
 4.437804996259
 4.453245693613
 4.530584406127
 4.499629433434
 4.515105930154
 3.802684249301
 3.824636057707
 3.854005513065
 3.438902329713
 3.461287566542
 3.339077063323
 3.379797024071
 3.407482685795
  3.42281121021
  3.60322755784
 3.630916046469
 3.529281895659
 3.568917459406
 3.589483892785
 3.694419165726
 3.658962080134
 3.680212551371
 3.744596245817
 3.715803106738
 3.730194875609
 3.462382675738
 3.419259720032
 3.375267971557
  6.44311700309
   4.9003447692
 3.904722137375
 4.239905463821
 4.030298975661
  3.62712491462
 3.757350922498
 3.691940403546
 9.608207720274
 9.458066901263
 9.288574031371
 8.234766392143
 8.167413088433
 8.670047893692
 8.449207206416
 8.339156481478
 8.286366344223
 7.843777150096
 7.785901219957
 8.008490737317
 7.932439734909
 7.887785097623
 7.659728977909
 7.729220169407
 7.687453185477
 7.577929530616
 7.618575589225
 7.484679009738
 7.445579518707
 7.393966783583
 6.304930096078
 6.273775424468
 6.232361633325
  6.84510426963
 6.799994588504
 7.111663007043
 6.970983464839
 6.901936208505
 6.879132384292
 6.569492053672
 6.526489138794
 6.689208304365
 6.634488008001
 6.601902924163
 6.441381366291
 6.483788178446
 6.462579242793
 6.378132315623
 6.409689478559
 5.279852862695
 5.250758357125
 5.211979276296
 5.778418840634
 5.738872618039
 5.998070148536
 5.887697618785
 5.827956289813
 5.798221783042
 5.532844730421
 5.493806417844
 5.630687891147
 5.581707471593
 5.552381915146
 5.415885552064
 5.454817128457
 5.435349888288
 5.347815775657
 5.386695426068
  5.36725251367
 4.766127748195
 4.727244279999
 4.989226835619
  4.88262571991
 4.824404444629
 4.795273730479
 4.532063032412
 4.492869161902
 4.629811627151
 4.580982272715
 4.561425927435
 4.414212297717
 4.453588343907
 4.433902895226
 4.354982635814
  4.38462861747
 4.275671033301
 4.245818196999
 4.205938788996
 3.736379040753
 3.694533079482
 3.973785303139
 3.860887718261
 3.798836443157
     3.76765995
 3.481287599786
 3.437831040865
 3.588734925368
 3.535285302618
 3.502918782877
 3.338805811838
 3.394003097875
 3.371970518766
 3.272083315446
  3.30552274404
  3.19332372859
 3.159167434654
 3.113376728376
 2.553786114564
 2.501592707784
 2.841526708742
 2.706190896801
 2.630807837753
 2.592511046486
 2.209713087076
 2.150685684299
 2.366169046125
 2.296229763653
 2.253321354793
 2.028201254818
 2.090268473406
 2.059271648191
  1.93268215644
 1.980930510999
 1.816249418709
 1.764008509594
 1.692833071417
 8.030205085552
 8.073583940142
 8.132497621238
 7.697160339495
 7.747708483435
 7.574173043563
 7.634879986297
 7.672155950443
  7.85194675261
 7.799245705123
 7.825570541899
 7.932679707598
 7.891979189418
 8.439807144074
 8.493055803062
 8.240576823947
 8.193626129828
  8.32127607741
 8.288591501874
 8.547696671099
 9.071842315464
 9.157321937604
 9.278940521009
 7.432840971002
  7.46762533817
 6.834515951394
 6.864585328502
 6.904910828125
 6.590679896578
  6.62895031077
 6.495973831629
 6.543091857347
  6.57162062795
 6.706391630148
 6.667512499378
 6.686945102612
 6.765164849971
 6.735692267207
  7.10208356889
 7.134114217274
 6.976490532139
 6.945691508759
 7.038811904538
 7.007506655442
 7.166357506985
 6.375331915703
 6.402952829425
 6.439946827462
 5.864261205791
  5.88982383843
 5.924011181559
 5.637670971045
  5.67090854957
 5.555003968634
  5.59624820957
  5.61279832605
 5.746119380381
 5.704283642733
 5.721002448757
 5.796536794526
 5.771289344514
 6.097340421277
 6.123722645171
 5.984253461407
 5.958388034147
 6.036232451549
 6.010195097142
 6.167907070995
 6.150199272448
 4.991617011625
 5.015317665058
 5.046960480899
 4.795200630324
 4.826503369173
 4.717080419416
 4.756107467978
 4.779560845123
 4.889263764184
 4.857861188699
 4.873561285408
 4.936447982221
 4.912841294333
 5.198232750762
 5.222275624654
 5.102519516472
 5.078686685486
 5.142324207116
 5.126389462391
 5.246354612464
 5.310737444877
 5.448478659242
 5.472981628131
 5.505714339398
 4.623649346756
 4.646975916791
 4.678104331285
 4.192329720637
 4.215208293794
  4.24575244759
 4.003028125278
 4.033108937503
 3.928166027925
 3.965511287189
 3.988014097666
 4.093559964901
 4.063293953725
 4.078425155953
 4.139079219774
 4.116299171039
 4.391550175264
 4.414667243911
 4.299352150283
 4.276366006382
 4.345402501495
 4.322361846929
 4.430095437941
 4.491897653038
  3.83930772399
 3.861408988229
 3.890976670306
 3.449968902622
 3.467378682714
 3.491362895724
 3.341698250192
 3.350879290065
 3.335520175343
 3.334796708528
  3.33681486746
 3.384442303231
 3.364224549576
 3.376174210597
 3.412711251948
 3.397985680885
 3.617040174917
 3.637956741256
 3.535875099257
 3.516545354848
 3.575817432348
 3.555607579306
 3.666065474238
 3.651982126006
 3.708690617337
 3.395467065812
 3.370624365423
 5.502391762833
 4.817725816506
 4.185509803989
 4.383073857841
 3.810290251275
  9.36971601532
 9.257171421924
 9.122407206596
 8.200891587787
 8.151373206193
 8.086565272621
 8.649661457083
 8.566424894384
 8.851336894703
 8.735600913094
 8.692460078319
 8.430876819739
 8.506859314952
 8.468779888732
 8.321742792659
 8.375469084991
 7.814727007732
  7.77183234555
  7.99333619926
 8.039608918476
  7.91766151839
 7.947709974966
 7.715370857812
 7.743494639305
 7.419700717197
 7.381372445468
 7.330744897241
 6.253050390394
 6.222087048257
 6.180923760573
 6.822508985633
 6.788886071982
 7.099896773598
 7.052644314768
 7.219789001317
 7.159405883915
 7.123654539412
 6.959479296849
 7.005820830636
 6.982640781035
 6.924911130415
 6.547960516167
 6.515839705592
 6.678274682358
 6.744318146749
 6.711232521125
 6.623654195845
 6.645448152505
 6.494487675283
 5.231366398441
 5.202292422812
 5.163537766377
 5.758634843461
 5.729029402058
 5.689623287037
 5.988020526972
 5.947764061629
 6.078976701269
 6.038494490085
 6.008190979651
 5.877738500749
 5.907702262019
 5.818054398264
  5.84785218884
 5.513318519693
 5.484064042982
 5.620894494455
 5.660131354283
 5.640510551831
 5.571938423212
 5.591505356116
 5.464568146398
 5.396426221258
  4.74668839669
 4.717506948069
 4.979539138716
 4.940788783019
 5.076384008788
 5.027967972022
 4.998910223823
 4.872923571409
 4.902016019135
 4.814693071156
 4.843816792034
 4.512471606091
 4.483042121036
 4.620044242729
 4.678569311903
 4.649317673787
 4.590746177534
 4.463399770223
 4.225888223501
 4.195920574717
 4.155885709026
 3.715475018806
 3.683977187935
 3.641826474219
  3.96354086284
 3.922613045213
 4.065220463192
 4.014509524356
  3.99415262687
 3.850548237535
 3.881480924113
 3.788431420365
 3.819538816391
 3.459591188282
 3.426846211604
 3.578039992532
 3.609984800838
 3.524474320517
 3.545959926756
 3.404932596858
 3.136305494979
 3.101769969377
 3.055468964835
 2.527768807995
 2.488155971362
 2.829284352753
 2.780452487607
 2.949580880924
 2.889812961648
  2.86568180755
 2.693632765058
 2.731005506126
 2.617987755515
 2.655993195119
 2.180322193359
 2.135458883016
 2.352145825309
 2.434717834775
 2.393657523223
 2.281823094205
 2.310152956425
 2.105237985834
 1.728630469671
 1.674050640488
  1.59975276171
 8.102886621564
 8.147798310451
 7.722345512478
 7.760679227661
 7.586327074224
 7.514466563443
 7.550254345652
 7.647371099794
 7.622780980012
 7.786456784251
 9.217113911581
 9.317571538001
  9.46389753742
 7.490982459335
 6.884715257125
 6.915111520709
 6.609790452299
 6.638615247474
 6.505404201478
 6.467886977614
 6.486639142761
  6.55262014702
 6.533678764043
  6.65789910464
 6.421426692852
 6.449285535887
 5.906903722415
 5.932608128246
 5.654279171369
 5.679261599642
 5.563254731998
 5.538562050747
 5.588001472904
 5.695948823057
 5.031133531768
  5.05489323434
  4.81084891123
 4.834346612129
 4.724886956085
 4.701488194311
 4.763927198648
 4.748304472757
 4.850026538737
  5.48934050714
 5.513927457404
 4.662537042843
 4.685901751023
 4.230475239711
 4.253407354683
 4.018060790305
 4.040662748261
 3.935638448079
 3.913283646108
 3.973018782433
  3.95804737552
 4.055755902788
 3.876179629871
  3.89842283676
 3.479270127817
 3.497681619648
 3.345909559596
 3.354536338478
 3.335677540081
 3.346878690067
   3.3394726716
 3.335079422594
 3.368399123162
 3.361192391773
 3.357638293527
 9.188108555785
 9.094601831006
 8.978541808682
 8.118811809908
 8.071053483787
 8.607656451983
 8.546923634858
 8.828466163505
 8.901607968275
 8.758884665314
 7.355994441088
  7.31837481714
 6.201488220822
 6.170710498815
 6.766565968824
 7.076227352419
 7.040976494001
  7.20772911451
 7.268678304676
 7.244217684443
 7.147528139726
 7.171505668821
 7.017565173963
 6.733318372384
 5.182912786254
 5.153854443345
 5.709315984266
 5.679800761991
 5.967876053159
   5.9377510477
 6.068869901436
 6.129794410896
 6.099290704776
  6.02840108807
 6.048624990589
   4.6980415455
 4.960164559198
 4.931095239467
 5.066700437165
  5.11511509183
 5.095749501295
 5.018282609585
 5.037649823908
 4.668815046618
   4.1759129022
 4.145824967612
 3.662922478444
 3.631193447433
 3.943092444642
 3.912326532009
 4.055071937255
 4.105621223477
 4.085427094877
 4.024645447207
 3.078653279114
 3.043730731654
 2.461522043924
 2.804912657881
 2.768083920844
 2.937607768196
 2.996906429477
 2.961363699406
 2.901754016858
 2.420947046966
 1.637101724311
  1.58001523256
 1.501984450082
 7.526451194356
 9.389056914194
 9.517972319776
 9.700052530449
  3.34526596941
 9.035532034699
 8.953740479003
 7.293458737218
  6.15023487963
 5.134483573002
 6.119642631997
 4.125734842059
 3.020353653218
 2.985031873247
 1.541281806055
 1.481053217904
 1.398491048403
 9.610630153225
 9.811817084142
 1.440082383429
 1.376197602306
 1.288430057086
 1.332667259159
 1.264262995042
 1.169378394146
 1.217369236133
 1.142692865972
 1.038493523014
 1.091223469919
  1.00835484967
0.8911879189969
0.9507562756749
0.8559707495336
0.7206219493943
0.7894805965702
0.6765285372537
0.5110884844662
0.5957166533465
0.4458460659342
0.2524065553949
0.3403721756561
 3.781995083966
 3.940747947026
  8.66441910151
  7.23329337711
 6.267782105876
 6.213908055546
 3.753062683514
 7.643190366907
  6.42881398877
 4.343325452686
 4.402602038681
  3.32577365554
 2.010148429364
 7.867318438558
 8.519104766717
 8.263676199822
 6.717822676513
 6.988534387188
 7.150069720493
  5.75599046946
  6.13688498739
 5.994412941391
 4.898529727221
 5.114422573549
 5.234290388401
 4.102485601433
 4.308396114202
  3.38892444804
 3.543343237399
 4.424531895192
 8.407886164223
 7.970038696789
 6.945723049083
 6.661753600208
 5.865910361001
 5.606163882163
 4.861471933365
 4.605413708852
 3.838393735242
 3.562125230343
 2.679010875513
 2.331548243477
 8.165136193731
 7.604192619419
 6.927017576002
 6.519412738132
 5.942706600175
 5.575582548424
 5.064239804316
 4.736580827297
 5.523593567972
 4.262432075161
  3.94679925322
 3.504799101392
 3.333229816127
 8.791087088296
  7.18939192079
 5.925859565641
 4.919649392664
 5.052175066505
  3.90023425211
 4.039910812113
 2.753669156886
 2.919872200112
             10
             10
             10
             10
 9.731012729248
             10
 3.583406778879
  3.11046037099
 5.363050012267
 4.542136713385
 3.525384972361
 7.556416132012
 6.362029937959
 5.333188862295
 3.255931644291
 1.911397555289
 7.951151231994
 8.342362128457
 8.922266624032
 7.369371575208
 6.779462472704
 6.324766829842
 6.048980837771
 4.948181400468
 5.154168806044
 5.270398534527
 5.403575403402
 4.580881568052
 4.150389819204
 4.453201288783
 3.798811570605
 3.417839098041
 3.437456349087
 9.523016665761
 8.291431861352
 7.893192736915
 7.490073592505
 6.309851483588
 6.878760138351
 6.606788581686
 5.284662014217
  4.80017456135
 4.561482022914
  4.28079688824
 3.773158987088
 3.372266405521
 3.199534191147
 2.600121478112
 2.262622046439
 1.828081378286
 8.020864707646
 8.427508779792
 9.043168906563
 7.426086399411
 6.829044693286
 7.096077448034
 6.370400903164
 5.859781943033
 5.612700861668
 5.720913202046
 6.092665227303
 4.987590559941
 5.194100722106
 5.444250199965
 4.619710560858
 4.188441786935
 4.387624488807
  3.83541472528
 3.445188427323
 3.332643409498
 3.613094661573
 3.373591126886
 4.308954610986
 9.340219770841
 8.206192125691
 7.820253294874
 8.044855512044
 7.424998360436
 6.257942484465
 6.552889899079
 6.716268198856
 5.236185997786
 5.763418721273
 5.518109133746
 4.751602253914
 4.654274660042
 4.231045714232
   3.7210351741
  3.99431329941
 3.465520095012
 3.615649696935
 3.142594305918
 2.535639475482
  2.86610730189
 2.189635708172
 2.402137629082
 1.741021339128
 8.093078316525
 7.714661094778
 7.543306768692
 9.181324662525
 7.484091068018
 6.879151897084
 6.604617186512
 6.416428137039
 5.902408018501
 5.027082516471
 4.806875861412
 4.697534874196
 5.485123001993
  4.65858747138
  4.22657039043
 4.014171991994
  3.90938492299
 3.872267244906
 3.474757024123
 3.326407380666
 3.343449939943
 9.180071465229
 8.124393550165
 8.612346050898
 8.899806715339
 7.361290739487
 6.206361822411
  6.77157934389
 7.081507517288
 7.243679726395
  5.18773287073
 5.714098326397
 5.972675301812
 6.104080407192
 4.702977800603
 4.965030368447
 5.095748696441
 4.181093590349
 3.668540601001
 4.085591019058
 3.085014406849
 2.469634497774
 1.649941648426
 9.331815456495
 9.033841909155
 6.155072851646
 3.026800235359
 1.555856317396
 9.502507275491
 1.455771140815
 1.350111345898
 1.238819978633
  1.11591246133
0.9832609787024
0.8311148251213
0.6659119482319
0.4815170861147
 6.240315364796
  3.72934958543
 7.685320465955
 6.462229951751
 4.434465143656
 4.373193228235
 2.063740675362
 7.822339508723
 8.593630328636
 6.685852800005
 7.197400449368
 4.873185195751
 4.077969592043
 3.369245585215
 8.460091790119
 6.981876254844
 6.956907451783
  5.96821404992
 4.285307378121
 3.522303897123
 5.895551054002
 4.890617546397
 3.869658899014
 2.717545012611
 3.595804593089
 3.110440654687
 6.827367672992
  4.51734054587
 5.650062151313
  3.33907735585
 3.948315380828
 2.811543829338
 7.298269556461
 5.138991498871
 4.130617662379
 6.185446153248
 3.604784652034
 3.110437021512
 3.612198310053
 3.110435406699
 9.997953818065
             10
              0
              0
 3.707481234964
 5.645172859288
 8.206952509004
 6.481115701386
 5.087649530894
 5.547771935005
 5.572335981235
 3.525853832365
  7.64443486927
 6.551479500098
  4.76339613934
 3.972358730268
 8.713301410371
 7.146954853659
 5.018847215026
 2.961776944202
             10
              0
              0
             10
              0
              0
             10
              0
              0
 9.880462421654
 3.783189753042
0.1209401265505
 9.997663739094
 3.110900226732
 9.897434199389
 8.756438391181
   7.2902190416
 5.800138706478
 5.440050502614
 3.825214707358
 3.597449229261
 3.114677909759
 3.110418289885
 7.019439639135
 4.331877115798
 3.562289052726
 5.835073122329
 3.672178051426
  6.88315481531
 4.572222843029
 3.286484228601
 4.006649057938
 5.607389335702
 7.233603797587
 5.091537113443
 2.875815254824
 1.614500134228
0.3740774094745
 4.087247532148
 4.599878517667
 8.972100998391
 6.178516323228
 3.815144910895
 7.831133715904
 6.567858054367
 2.231395997119
 7.979768179723
 8.368683932346
 4.973071778241
 6.807569390917
 4.174326988822
 3.446723025356
  6.07497242479
 5.737360632424
 6.344746787156
 8.566128915688
 9.626582860456
 8.900778509552
 7.390529070433
  5.87932222401
 6.797725150151
 4.769152723062
 3.171400539798
 3.254011061088
 3.741955074624
 5.388110219368
 7.502236780934
 7.324351407656
 5.301309527394
 5.161939685689
 3.224021615556
 1.153529667071
 4.207399000059
 4.564352979635
 4.638932878091
 9.239297279291
 8.925070836384
 6.325428313958
 6.231075398521
 6.132619731203
 3.852941976648
 8.142876532848
 2.568660394924
 1.883478435259
 8.048041871797
 5.006998514208
 6.852162854274
  4.20718376601
 3.425945967582
 6.392012142768
 9.055077171665
 7.451007566986
  4.72752617013
   3.2967489133
 3.696139750165
  5.17918421698
 5.423327192153
 7.452988625828
  5.26028818714
 3.173153284946
 1.449709308727
 1.216416987859
0.9758416682306
 4.256521738823
 8.082180879571
 8.229821502715
 2.508058483268
 1.797832320594
 9.247502091222
 3.059288389888
 1.525779724691
0.7634704487303
 9.974994316827
 7.717086008627
 6.611350570257
 4.814528401253
 4.020998830761
 7.064834903035
 4.954406163806
 5.517339066358
 3.530024889124
 5.871117633001
 6.217608739503
 3.448960822655
 6.971877614595
 4.300883166158
 4.390164291563
 9.987575263325
0.03800028902033
0.03797134636724
 4.134652355561
 9.666547104001
 7.323413413303
 5.174736150472
 8.151716122093
 3.323360054484
 5.075388451107
 5.504785627042
 8.327063183135
 2.410153621657
 1.692527589791
 7.540445054168
 6.474751425628
 4.707628729893
 3.917165501382
 6.025241648875
 3.601097767069
 7.085657081339
 4.383154113687
0.01906703417155
0.01916249869081
 4.488010553178
 3.116767597066
 3.107253985606
  3.71621250967
 8.589568768834
 6.745438266112
 4.104477727981
 2.530360161876
 8.882547765065
 4.006639359569
 3.569146473725
 3.128609063071
 3.110397070331
 5.732024260652
 3.068671199326
  3.44105484708
 7.943731214004
 2.671668479473
 1.589367399564
 7.158961689283
 3.095739013667
 8.243972233722
 3.898220855524
 8.437223244438
 2.279018822835
  3.10817831781
 1.980184179629
 5.207876647782
 7.742903526332
 6.303067872482
 6.672508627782
 4.880858990966
 4.084247137186
 6.230018319113
 3.787190717642
 3.076970354296
 1.151451707109
 8.695171525699
 5.379873346316
 5.750273752324
 3.493414909918
 9.988839919633
 9.987518304507
             10
             10
 3.932857095885
              0
              0
              0
              0
 1.527976250092
 7.586222261124
 5.428286137713
0.02894184414184
0.02627577626661
             10
 9.981342835553
   4.6343280602
 5.945002462224
  3.12795265353
 2.078505019555
  4.86890473823
0.7900958442703
 9.305116448334
 3.088799847394
 4.370594880537
 9.261965602192
 4.225922477714
 5.535914758825
 1.476053005064
  4.58819289953
 7.009777046132
 5.093278199583
 8.153416273447
  7.45891323612
 4.753021416629
 3.227485611357
0.02584266563635
0.0714884724264
0.07703973904988
  3.00790514934
 4.075235102161
 7.559221449552
 9.982026466655
0.02896576529675
 6.252425295233
 3.168314147781
 4.985851852619
0.1014107321385
 3.082150888362
 3.692759230279
 9.921833851142
0.07914069466037
 3.517822421502
 3.196265159116
 9.961819393938
  9.94112136084
 1.411940702022
 4.149827666629
 5.911081710051
 8.329444760557
 3.081252606827
 9.944372371082
 6.705060460387
 4.134288327306
 8.228401787783
 4.751887676671
 7.214685918726
 3.383848496145
 9.844546779964
 9.852483283836
 9.704095241705
 9.502451501947
  9.59085489254
 9.344516984087
 9.123322723901
 8.895203691112
 9.132458679443
 8.662128922992
 8.502240683381
 8.484983224679
 3.241285132395
 8.427190121992
 8.252744648193
 8.009271691539
 3.832925389247
 7.750722643044
 4.113599294148
 3.213350637964
 2.890681843331
 2.826970630471
 2.559942338431
 2.352852669926
 2.070264503829
 1.780612300599
 1.800974814994
 1.484757758074
 1.259572975996
 1.032326768486
0.9915475736397
 0.803714825988
0.5743726210527
0.3397442694751
0.2684720358779
 9.667083906995
 8.702251950572
 7.796034941233
 7.280279867017
  7.13401014712
 5.347108574075
 4.214679806013
 3.880697847638
 3.515786253752
 3.164935968562
 2.832349149847
 2.266501414891
 1.472129828833
0.8179691780338
0.3820290015664
 3.123284457681
 2.772056381963
  3.11188068914
 3.110425750552
 2.820924701782
 6.095205267003
 2.885034354171
 3.649721498941
  3.26767959566
 5.458107430135
0.2454201674761
  9.79929860884
 3.450201803357
 4.386311581314
 5.063256608058
 3.787445430278
  6.31600147379
 7.351670283916
 3.970651861916
 3.853690662071
 8.122890771825
 8.389838346956
 8.259572216002
  5.59772318703
 4.415848851417
 6.969039610462
 7.778311443133
 7.326305679865
 3.375108315751
 3.414175509894
 3.367670342035
 9.884461183515
 9.813265332684
 9.602252643699
 9.706485348527
 9.624957759322
 9.545669224782
 9.388118916983
 9.229559386193
 9.003076312663
 8.770416730677
 9.261649365174
  9.16731664387
 9.080018158149
 8.914942665491
 8.704297448418
 8.480222010523
 8.453700130607
  8.54648785961
 3.187743572955
 3.287387781442
  3.25905090467
 3.231173720508
 8.555186595113
  8.12036258016
  3.56227397575
 7.551029634221
 3.690186956918
  3.62642358329
 3.788038159992
 3.891705179447
 3.162181931724
 2.396978907643
  3.39346622381
  3.24431207728
 2.999753455014
 2.913809555837
 2.763298501138
 2.695561075829
 2.212536920312
 1.926227809956
 1.633344768234
 1.835181450882
 1.683067372598
 1.055546252474
0.8966101452132
 1.401105581527
0.4213760620539
0.4208964426218
0.2643097759566
 9.615984486774
 9.243672088511
 8.690878639591
 8.841705518797
 8.296183313586
 7.693288376105
 7.989174029194
 7.334668453409
 7.503575610447
 6.171277749875
 6.694860508488
 5.281336095272
 6.353187645551
 5.799788324013
 5.596300121496
 4.086108949504
 3.537232873642
 4.629963578911
 4.363147865331
 4.052629514323
  3.61897783173
 3.597456451375
 3.396141590952
  3.31866973428
 3.192430846471
  3.17610864182
 3.160093258371
 3.068553154211
 2.663580433588
 2.784683811621
 1.976708671898
 2.142873808523
 2.376795203587
 1.181596842902
 1.346925029801
 1.583731173197
0.6853672831666
0.9199008329506
0.4738674763831
 3.122070836942
 3.101770014344
 3.134551459706
 3.128432103206
 2.758732124786
 2.818553892333
 2.911212542814
 3.114134734909
 3.111818278814
 3.109163920113
 2.948168938965
 2.793664386858
 2.935366645635
 6.586588931978
 5.643715127976
 2.968714704608
 2.996250505442
 3.843207450012
 3.553440110396
 3.467154120227
 3.409513118832
 3.432700462692
 4.524036899135
 4.871363795796
 5.226956087715
 4.055266447491
 6.471422674003
  6.85377490626
 7.104236893772
 7.610838013327
 7.768389109966
  7.62040592156
 3.609613832995
 8.398642701407
 7.974725365244
 7.614290777573
 3.354280787921
 3.407031640134
 3.325426546246
 9.739822430048
 9.466952445741
 9.339089184128
 8.996495570093
 8.861880593646
 8.653957802624
 8.734956515607
  3.20537975227
 3.269015841555
 3.044774048539
 3.134982608037
 3.168955215797
 7.693585831903
 7.985121478293
 7.868950189648
 3.462739894981
 3.614529630696
 3.429469403451
  2.60120563428
 2.416266593076
 2.275802135119
 3.374747470531
 3.059596984141
  2.00542953203
  1.54302530882
 1.224342758489
0.7407104734057
 9.473788945492
 9.017631207166
  9.20882379803
 9.348745621319
 8.503873076417
 8.181791917355
 5.789295266071
 6.290554175778
 6.791030489232
 4.952131598008
 6.369319575185
 6.802961689195
 6.668370023492
 6.071253374272
 3.833456809632
 3.398875648494
 3.365710717148
 3.206697567984
 3.146072141631
 3.088780128753
    3.076180024
 3.058223490181
 3.031312890328
 2.510759406386
 2.891188062747
 1.946104917277
 1.142198547507
 1.711657958111
 3.117018715293
 3.105660912984
 3.101938079523
 3.098715229306
 2.896212676084
 2.805708596658
 3.107101013641
  2.91915917884
 3.690343250917
   4.3641644542
 4.150291520007
 7.061943068571
 7.791130348401
 7.993387732713
 3.323279169702
 3.239663075378
 3.292230290471
 3.042383730442
 3.110392261013
 2.620011007064
 2.150477648376
0.5800234332386
 8.991930460384
 3.083570531013
  3.09296223986
 3.042546778839
 2.996974884278
 7.168914363684
 5.036781659013
 5.335260368429
 1.572220542804
 8.746789513569
 4.682255427645
 2.840552791116
 7.584364996951
 9.927234186559
 3.504767245945
0.1709377791481
  7.38712736039
 3.177115096739
0.9728585497743
0.5256063655931
  2.65058218575
 2.737343799307
 4.206982353615
 3.616756577577
 4.164876235468
 8.497018822318
 8.622533241669
 8.815934715248
 7.912914026402
 5.490162316698
 7.044335062785
 1.791088480942
 2.619599060802
 3.095391486011
 2.971799355478
 1.203584786008
 5.853645174936
 3.147608133437
 7.401427923601
 2.965622546981
 2.907883839885
 3.020427834649
 3.177199670878
 3.161205381999
   7.5491770226
 6.850674099356
 3.181801826305
 7.057589608862
 6.499178896168
 3.209100627583
 0.176028185803
0.1808224252834
 4.740330579544
 3.295812764886
 2.307628579485
0.8125674641489
 1.132241666913
   1.1652183484
 3.021992385332
 3.106355507342
 3.067194191318
 3.042363289016
 3.053324569182
 7.912762611248
 7.391329563885
 7.063093444488
 3.318587084634
 3.680310693826
 3.034088367709
 2.606328047996
 2.622553593275
 2.465841001704
0.6108434252996
 1.233879552737
  1.14997056895
  8.94924332974
  9.75653597737
 9.814660843053
 9.796366782305
0.5231610054636
 9.705025758955
 9.228301052124
0.2530123807064
 9.555451779328
0.1310502734246
 9.882940633673
 4.842026090175
 9.624195707805
 9.511017063262
  9.59663901827
 9.685738060857
 9.223479657937
 9.099232356475
 9.257442861741
 9.355047956826
  8.97843663789
 8.850304783739
 9.052473203291
 9.153183905116
 8.726279217634
 8.594736442122
 8.842605215662
 8.945436699687
 8.633258553944
 8.740922272801
 8.469853816209
 8.343821632249
 8.013247594598
 7.874891695519
 8.268012670411
 8.369156596722
 4.701321294533
 2.763322205536
 2.625838755271
 2.630828597099
 2.762448291074
 2.141043636505
 2.285646103444
 2.280531237682
 2.142694666898
 1.999545056094
 1.851357934127
 1.856401155253
 1.997772572526
 1.708350413457
 1.557011158698
 1.561864693899
 1.706294877392
 0.499591511472
 0.343100296318
0.3467533502506
0.4960678436637
  3.18961843052
 2.026727738926
 1.244085709584
 9.516120468726
 9.054910793203
 1.728123547178
 1.272652544164
 8.253490009786
 7.044837207298
  4.86015819605
 3.877655196032
 3.087670789161
 2.510190488267
 3.109592808845
  5.26558774562
 6.212842784055
  3.10191475253
  8.62333111897
 9.291621422339
 8.672078701002
  9.19099225663
 9.483811554113
0.6604094735622
0.4391235445289
 9.671031923086
  9.96863307446
 9.928591811183
 9.957699889044
 9.872037256466
 9.911072228504
 9.933239471681
0.1654389266038
0.09576031040054
0.3139663214628
0.2152629642374
0.1633583178306
0.3210228289374
0.3086097625487
0.2934313719157
 3.136108807118
 3.162127586421
 3.153814593406
 3.163875895486
 3.141003668858
 3.198008702396
 3.152314693696
 7.106256190076
 6.646124692855
 5.657138731211
 6.116764319684
 6.386705654556
 3.309471377766
0.9497417693961
0.5487312594406
0.5861323911353
 3.092743161478
 3.071387810192
 3.278037246588
  1.86792816834
0.5766569431477
 1.007597659352
0.5043980039308
 2.523794436503
 9.559371368175
 9.365704110466
 9.718891560374
 9.817593006396
  9.88499591042
 9.775201835149
 9.867847067765
  9.90374647993
 9.806216324145
0.2651350527107
0.2992239797269
 9.864494527456
 9.672802410739
 9.546617298544
 9.629114878883
0.1161225142214
0.2262522518188
  9.45015034834
 9.508743468046
 9.754334070054
 9.771405778815
 4.326329908542
 4.667635945039
 4.207886784072
 2.045382309266
 1.255595963297
 1.070308411714
 9.469017155405
 9.002603359578
 1.588490882232
 2.326014050688
  1.29686680833
 8.324078363505
 3.653893299656
 4.015524412189
 3.626807959322
 3.095756602471
 3.096509066906
  3.10014265957
 3.108646146121
 9.322849828156
 8.978816476445
 9.664327059064
 9.383511647046
 9.171079737604
 9.236769210396
 9.670382939614
 9.504191707464
0.3148892952231
0.5485242410973
0.3383129365912
0.2079768032772
0.3946967892382
 9.624827788298
 9.751269802127
 9.844581745704
 9.871535610485
 9.887817200355
  9.94760776544
0.07265307940633
0.6625476532037
 0.151711882598
0.3001603396578
0.3070186234063
0.3353780796077
0.3184780588181
0.1662870857878
0.1627307284425
0.2974011951885
0.1566387267086
0.1562426919773
 3.145945920305
 3.152637167183
 3.153783165352
 3.125656870607
 3.138940062572
 3.123631782713
 3.152175831962
 3.126310467154
 6.341636000166
 5.530883154073
0.6974803045896
0.4618816860666
0.2192108950337
0.3587296326525
 3.151763396035
 3.087527130374
 3.060958880537
 3.232963807555
   3.2242457006
0.4141620835406
0.4898467639018
0.8660684441782
 1.969744929838
 8.170834544028
 9.867382584055
  9.91625425802
 9.951342017934
 9.921960153409
 9.917524028061
  9.89383738169
 9.847432490592
 9.874813995061
 9.939285099935
 9.959289853115
 9.934053272442
 9.931738609298
 9.908397645673
0.1159760236474
0.1984131741543
0.1794832021067
0.4106035620087
0.2802966762733
0.1309718176228
0.2277890556691
 9.802731115228
 9.769990972783
 9.851007546768
 9.789910513668
 9.842716529363
 9.710461637829
  9.76567650216
0.1047960106326
0.2501289645081
0.1031442179159
0.1667253622398
0.1566286265566
0.08380445070459
0.08571742251178
 9.739895046445
 9.767686693281
 9.892790721884
 9.833333571686
 9.821102617187
 9.900102607878
 9.845114364154
 3.921444555155
 2.192285756293
 3.838505185559
 9.710355622428
 9.581872150661
 9.445915500785
 9.509396682116
 9.857847499852
 9.777058235361
 9.753083768278
 9.708064229955
 9.605455470126
 9.649215676024
 9.022727239801
 8.190268429099
  9.18228515302
0.1332570639467
0.2051458744807
0.2346724517749
0.2605459295482
0.1556764254353
0.08805228627171
0.1396216291689
0.1511081232567
0.1868137509229
0.2654103630798
   9.7935692712
 9.885688664843
 9.934233490669
 9.895045890604
 9.887974444242
  9.94819547342
 9.900474919824
0.6621730848148
0.0641607603138
0.09739137596962
0.1041665403779
0.1416654129328
0.2941458037278
0.1449120111754
0.1584832949878
 0.150441481111
0.07258395880294
0.1156375377708
0.1185437289136
0.07106362312584
 0.113262011118
0.1589432626815
 0.157406669475
0.06838259047734
0.1099622641951
0.1106757049261
0.0682064892034
0.1097536309234
 3.132598269542
  3.10155563823
  3.12085715876
  3.08843850926
 3.072306045138
 3.108389494448
 3.099169549387
 3.098853041861
 3.104475123579
 3.140181546455
 5.997612831216
0.3354181098276
 0.202840136014
0.3046141267604
0.2942684999095
0.8761536618927
 3.119257412051
 3.262023864195
 3.264967135137
0.2085679299074
0.3065926376507
0.3879691733929
 1.879954447585
 8.661284365091
 7.912297163687
 9.943880374468
   9.9102815033
 9.904510023362
 9.820142676693
 9.869616170321
 9.955153086401
  9.92413858418
 9.927626757185
 9.943050690219
  9.91079775074
 9.909873085192
 9.954855197546
 9.951379032158
 9.961337660055
 9.942530110729
 9.935245729605
0.07583747269614
0.06948592491957
0.08724443159676
0.1839510417837
0.1660837766538
0.4745646865542
 0.317703484477
  9.65726625653
 9.780939886926
 9.912360442428
 9.779996881265
 9.888168194643
 9.740394234552
 9.770012544257
 9.484842991003
 9.653571429456
 9.855456282305
0.3880459947925
0.08218913612283
 9.889918717826
 9.825442821654
 9.811174849866
 9.901796653199
 9.832124129886
 9.936314674278
 9.622963095984
 9.931529210314
 9.940385457039
 9.886882664646
 9.899404481171
     9.79192472
 9.624408745867
 9.683889443757
   9.8766252954
 9.809344631017
 9.787427148429
  9.83302798596
 9.746823059077
 9.705980867684
 9.514609982625
 9.621327793741
0.1102336411947
0.1924470656377
0.1726041228827
0.3283644021879
0.2403224404569
0.0789679847603
0.1345338656803
0.1267321571149
0.1498835394343
 9.869887266724
 9.495003835128
 9.755812074206
 9.822519533239
0.4938554321527
0.8832997362478
0.07801304670284
0.05991613324899
0.09951651631614
0.09800160470096
0.1559965407199
0.06121739312502
0.0998049255633
 0.100065193257
0.06703973181541
0.1085077693057
0.1125660484381
0.06355219616827
 0.106462631879
0.0441851097578
0.2500810508885
0.04535555201331
0.04353577506581
 0.084749329281
0.07698844909238
0.1031052414383
0.3737284350984
0.06880779493968
0.04201615884535
0.04227447906659
0.04216653085815
0.08275698534319
0.07550613010918
 3.073165719054
 3.096894712207
 3.087405058413
 3.108547100921
 3.140088726624
 3.172939965822
 5.642223229261
 5.919466604776
 5.059751211732
 6.039005474692
 6.315630001561
0.6252719983524
0.6167865401647
0.1129710864203
0.6245240095094
 1.048206439756
 2.491862686618
 7.800533419884
 8.443853106373
 9.920164180178
 9.865987230076
 9.736786394817
 9.806113048312
  9.84091997279
 9.903779958548
 9.956414326887
 9.954881636068
 9.835387465968
 9.280263132359
 9.893809543011
 9.753131917881
 9.876210705088
  9.84340287643
 9.652503386835
 9.184407090764
 9.472410128248
 9.622695540406
0.6341634848773
 0.413236678731
 9.568586373045
 9.594596902211
 9.120269689424
 9.362508303056
 9.023427811237
 9.522022052764
 9.453188891255
 9.371993623443
 9.238190327168
 9.468586183966
 9.009886722945
 9.761994357451
0.4971822539887
0.1510063482976
0.2510786291826
0.4987662016014
0.3445872706286
0.2780183632441
0.06009454494392
0.1118585036583
 9.913094382157
 9.890109997486
  9.81654019128
 9.747681133637
 9.791764163427
 9.660252254694
 9.752383940917
 9.807850649784
0.5171317197477
0.6411409914559
0.1022119689877
0.3637981688213
0.2565634256899
0.2515802194855
0.2708372234046
0.2752354947826
0.5906225645239
0.4330913463622
0.06776479587245
0.1987722401448
0.2473335981345
0.1841870107191
0.1451599020241
  3.08757107524
 3.158654615037
 3.194882849349
 3.202464559859
  6.57212427272
 6.271186651557
 5.873975475633
 5.232773792487
 6.101840745312
 6.599629673359
  5.49252889162
 5.066109585709
 5.630393218911
 5.192313932501
 4.631398718658
 5.326327055643
 4.232226496656
 4.127666213383
  3.86679693596
  4.47797759511
 4.855378665038
0.7571244171504
 1.422984516177
 1.155125402311
0.6858380110463
 1.614922483681
 9.088604831007
  9.80743288847
  9.84761394778
 9.873238319854
 9.892355922152
 9.499904295117
 0.287948261461
0.3614138752844
0.5346378609074
 9.718002481925
 9.429459634352
 9.353641056536
 9.629117995502
  9.63738883973
 9.687521187417
 9.641786042954
 9.506286497819
 9.528342225023
 9.588906753497
 9.499267781886
 9.362860649918
 9.209023894891
 9.762568933644
0.3264009669081
0.3715003195954
0.2901916554717
0.2255849724671
 0.105169719413
0.2973509027674
0.2216014016995
0.1916253700826
0.06700977525726
0.08973907289874
0.2370172833896
0.1787479759685
 0.154769001887
0.2398476203404
0.1795398126174
0.1421120663992
0.1919103782232
0.2028196675005
0.1681358499876
0.1644324823273
0.1770656805226
  0.37813507823
 6.416980361502
 7.169069984132
 5.188938678951
 5.266409005615
 5.443475873096
 4.968146814099
 4.732839339178
 4.473149290426
 4.243926047862
0.9099915729341
  0.94334786082
 9.581342863085
0.6698633990167
 9.156572896219
 9.529723189563
 9.548576982267
0.5021617263855
0.5410493769293
 6.367119483848
 7.087523953361
 1.091291443227
0.6629958600303
 9.330629165545
 9.188106471881
  9.33639154852
 8.854516497507
0.3719259523224
0.4344995892452
0.5336818767628
0.4189315473881
0.7450231140858
 5.839900479855
0.9397769974123
 1.195509913382
0.7717841329973
 1.517916303616
0.8487446317382
0.5397327987513
0.3518951510977
0.5030596751646
0.5199200001342
0.4196477278764
0.9104714886614
0.4108200409983
0.3959863009727
0.6954177170713
 9.786794572135
 9.779069127057
 9.716959222161
 9.453709872594
 9.398365640129
 9.325453015263
 8.427492786137
 8.212152355069
 8.120320205133
 8.023970165603
 7.735289556412
 7.612619212757
 2.457503815815
 2.488039052871
 2.407239159746
   1.3728483058
 1.406590106183
 1.318834400268
 1.146438101947
 1.180695376248
 1.092168138039
 0.918335303629
0.9529990485644
0.8639587551132
0.6891939434001
0.7241582143089
0.6348518135014
 6.437781655951
 6.947461959392
 5.724597862427
 6.388389028601
  6.82971791303
 6.527044249429
 5.711684382437
 6.307471988842
 7.264646269857
 4.636965638487
 4.667559633296
 5.275250184724
 5.638127566277
 2.166341217042
  7.18040611002
 8.258511058598
  3.34565373819
 6.948917673083
 6.912496748109
 1.014807926321
 2.123605391162
 2.507871284829
 4.671890026404
 5.633543915617
 3.495249282347
 8.550626281521
 8.616655615348
  8.56049552078
 8.803098158428
 4.661169322459
 2.445445938645
 2.995087738628
 3.700524253161
 4.519738342275
 3.345538733244
 4.039635629843
 4.373958940305
 3.113089734305
 3.110714656014
 3.115670419563
 6.510968512446
 9.786492640522
 9.811880515949
 9.688874778318
 3.192222507488
0.6676312316721
 0.282113416479
 1.965727257681
 3.904204931841
 9.339860338168
 9.565227586592
 8.909960957845
 9.107925330708
 1.491780045328
 1.800774945838
 1.145706057883
 8.520602003738
 8.563203715583
 7.853151564223
  3.42217369589
 3.105724215119
 3.164426650036
0.4441637740693
0.3552569831091
 8.655112212044
 5.618844979693
 1.833550402421
 3.291368259327
 3.279130493583
 3.236788720631
 3.227979125578
 9.795143796017
0.1292377483553
0.8568717542642
 3.117605696061
 3.109371314209
 3.115342414452
 9.322040697858
 9.215869702856
 9.352098699433
 9.424191816624
 9.515800219225
 9.321162161884
 9.667449385274
 9.550473219735
 9.644974099541
 9.618137646674
 9.619254011228
0.8603539667885
0.4812260739738
0.2712555291177
0.2898119685968
 4.961952846144
  1.57432606212
 9.359310385875
 0.534449995327
0.4912363038757
0.2038692026515
0.3463594946379
0.2845157565227
 4.648820918255
 4.705295442923
 4.788210806494
 5.247700132335
 3.948021370443
 4.345840954212
 3.931755959223
 6.987509597636
0.8119031312925
 8.860555278281
 9.419866742149
 9.136527402204
0.3602164194547
0.5471000565559
0.9440154332908
0.5325447762842
0.9514250748813
0.9948512329438
 6.867540952969
 7.371945351198
 5.914677638016
 4.775968296612
 2.477959587139
 7.460557610363
 6.754389745561
 8.054203761471
 8.624425609659
 3.571969536884
 7.173613995688
 2.422013594313
 2.669402684788
 4.380880223067
 4.897482870056
 3.543440069733
 8.732185403675
 4.508092772699
 2.631989269822
 2.471586413255
 4.405050964474
 3.118289647238
 3.120823029277
 6.966605463458
 6.903820261764
 9.722181520657
 9.648017842251
 9.422836700699
 9.338541247968
 9.465601667333
 9.466949431335
 9.390968401526
 9.615288887222
 9.218750176402
  9.54852313243
 9.354303125765
 9.297245561364
 9.632999738684
 9.394594594332
 9.488380877931
 9.221592303291
 9.296504232307
 9.212188089485
 9.272662974833
 9.372820074804
 9.340303045911
 9.433948458589
  9.41788529675
 9.594225390619
 9.494615765961
 9.525909848598
 8.978797988694
 8.899903009451
 9.062456259779
 1.447436303969
 1.580041947674
 1.683807630431
 2.062717544261
 1.998358379125
 7.254722111895
 8.098507702892
 8.062293989032
 7.904293454315
 7.792640683302
 7.577390231163
 7.775521646673
 3.193116447174
0.2562290726412
0.3585896801248
 5.480717287199
 1.615421417963
 1.330701880862
 2.718239508009
 3.258074617281
 9.854221772726
 3.114857118855
  3.12644401793
 8.443103692186
  9.33581992023
 9.214292488098
 8.844902131648
 8.888115505341
 9.041816895629
 8.861456608122
 8.236358049109
 8.575520921019
 9.401326854516
 0.710510212097
 1.052262348445
0.5421634089956
0.8416004514595
0.7688262722313
0.6566063098656
 0.761761586427
 1.186090171074
 0.963670514705
0.4166379749209
 1.426139359743
 9.512340162584
 9.378431138671
0.2524120315769
0.4837693286179
 5.417335048922
 5.158300635727
  5.83392894671
 4.350444305028
 4.623256762839
 4.250481088832
 4.965424746887
 8.887775281038
 9.158503101058
0.5356713145694
0.7624265976841
0.8355675213042
0.7308682427566
 1.123892744384
0.8156435925661
 1.095947398613
0.4626961816687
0.7034518919634
 1.081451543347
 7.146655091036
 5.383309923722
 5.236129847639
  5.18770765383
 2.657652133322
 2.523492960417
 2.611820016825
 7.408612965092
 7.026829532717
 7.842293568585
 7.654121277376
 7.883447246866
 6.521353617194
 6.251810063804
 7.948886362558
 8.514582397559
 3.676413024013
 3.860481478267
 2.592382473462
 2.614885720952
 2.815482369586
  2.30411858676
 4.184697527116
 3.992678838274
 4.477380109973
 4.702492924031
 3.528898572567
 3.347467518418
 8.749767832052
 4.416123698692
 4.801922295091
  9.73820706256
 9.623715156663
 9.283964811597
 9.206924204172
 9.143602038465
 1.470063586348
 1.892435581115
 2.052334151737
 2.159959409228
 7.545986184587
 7.217173197953
 7.571283662184
 5.360119981091
 1.407170017923
 1.270568557309
 1.562488539975
 2.476051682459
 3.528485576178
 2.157771204888
 3.005721602196
 3.413388606027
 1.709153430269
  8.85829931014
 1.143764057541
0.6687290891437
0.3934145701099
0.5286389663033
 5.569528351266
 5.966427863741
 8.956673552024
   9.0621925265
 1.178097331946
 1.012836512729
0.9636652855987
 1.279378895449
 1.472221967399
 1.191542649853
 1.346324741179
0.6280258504025
0.7498596370464
0.5037665070825
0.9092972868466
0.5244775938847
 1.384576430327
 6.985962423371
 5.497148357245
   2.3670453575
  2.28791090843
 7.161591334317
 8.085720190056
 7.769617409426
  5.94266377504
 5.689935140294
 6.408928632672
 6.779091164978
 8.470997962219
  8.37825131139
 8.590880516046
 4.099815222505
 3.654752823703
 2.774559992249
  2.36341356916
 2.918231984017
 3.050577383927
  2.66487151426
 2.591941169566
 2.520017097577
 3.795032038733
 4.251884456534
 5.339982959333
 5.037131907752
 3.318721297593
 3.017681196916
  3.33228302222
 4.768969617702
 5.163623660659
 4.907691683639
 9.712491368977
 9.754246788384
 9.671664562949
 1.765514348698
 1.922820605386
 2.297653665173
 2.048193693305
 7.215211756602
 7.499354413688
 7.718732652742
 7.322424191442
 6.809763541389
 7.077070057693
 6.864267744839
 1.256670706712
  1.00966575052
0.4850485451329
0.4499549557293
0.7975226439391
 1.199618672515
 5.552609487308
 2.366397356633
 2.017341234375
 2.177536161103
 1.981269463753
 8.106647918155
  8.33434323723
  6.91465914837
 7.576665976739
 8.332764599584
 8.278132255752
 8.124096814777
 8.463052496183
 8.564782726201
 8.655968399944
  8.71518975287
 3.877245010165
 3.797294270577
 3.785794704131
 3.430194703518
 2.460772421732
   3.1519755189
 3.145112084048
 2.512335862102
 2.228005458307
 2.447243337749
 4.212635897438
 5.000572088152
 3.173277016116
 3.404438178684
 4.748808427178
 5.738336148263
 1.629296706064
 1.616669653374
 1.906543974682
 7.334289972871
0.3897817876042
 1.095397902853
 1.222914834923
 1.456714274792
 2.133367919138
 8.125752256795
 6.743804995991
 7.251293109615
 8.290610920398
 8.452308599654
 8.589283042306
 8.645175243755
  3.50387293851
 3.156324453285
 3.390859048257
 2.912076474844
 2.625533559153
  3.11128409888
  2.91657579962
 3.170256991182
 2.973317354485
 3.046148958115
 5.523192872182
 1.671133948885
 1.738029562016
 1.965794017137
 1.805161067357
 1.620322953783
 1.667131907799
 1.574738340704
 1.720133622174
 1.879370892632
 1.521985011128
 1.548108443438
 1.501338563078
  8.02884088703
  8.37446919975
 8.207472451152
 8.299003157608
 8.648114836677
 8.462519992801
 6.590793052315
 7.092102142869
  6.93363625133
 2.692238080528
 2.718067443367
 2.670657784959
 3.244915466256
 1.753343222922
 1.868319493117
 2.130416176284
 2.034349341022
 1.060564346854
 8.554302661422
 8.575008081738
 8.383695759793
 6.540121315549
 6.151535094501
 2.077098996673
 2.716287370514
 2.818982907085
 3.302937954678
 3.089125949139
 3.323130934975
 1.617225445545
 2.237366667858
 1.899766410557
 1.720557165763
 1.805139404804
 1.813771791452
 1.253333073346
 8.433695859788
 8.649395325499
 8.562275375589
 8.233670835978
  8.38818913148
 5.718522509617
  2.37413854175
 2.769063769561
 2.937663886255
 3.125048148765
 2.826864976126
 2.898126729332
 2.575083175315
 3.211932742419
 2.187646521069
 2.366550228853
  1.89394754896
  2.00649431729
 1.364300534278
 1.392455510587
 1.222654252299
  1.30003868741
 1.236819180314
 1.060540245304
   8.5447045387
 8.910169662975
 5.505182152715
 2.529014137601
 2.533067740802
 2.297536169883
 3.330476800472
 3.020090138352
 2.790575650994
 2.462712778507
 2.417973674009
   3.1523678882
 3.527056325565
 2.355832652576
 2.494435616365
 2.479590565418
 2.242438524079
 1.960892128609
 1.103345147089
 1.138596103615
0.6725015637951
 1.076381674879
0.8622934340074
0.8393616096451
  8.37106738679
 8.746428630806
 2.235559382799
 2.080761868085
 2.215627395756
 2.293910281201
 2.420309550248
 1.816246408305
 2.966405814648
 2.919919842456
 2.752744615576
 2.792658445189
 2.589424473345
 2.319846066989
 2.365529454502
  2.51066450882
 2.437880781545
 2.248163462629
 2.701915126777
 2.919842116574
 3.430513371908
 2.205582187618
 1.130517355422
 1.269935379144
 1.413732872526
 1.602035608589
0.8902565673974
 8.260411479132
 8.514798763021
 8.561773919271
 8.652997888059
 8.655185857315
 2.136383672931
 1.678097975178
 1.931516359513
  1.89762362655
 2.066720913833
  2.10158189213
 2.356416695265
 2.019965821928
 2.524613681741
 2.800577654093
 2.637425223447
  2.97630519122
  2.29006507589
 1.722989817893
 1.670586336966
 1.472310134762
 1.481466278969
 1.613595747421
 1.395167886523
  1.00154200843
 8.436990318858
 8.647803139367
 9.099216535311
 1.772250828453
 1.819613097332
 1.593994789752
 1.738965060213
 2.237606679138
  2.12894585115
 2.118012119097
  2.38724917186
 2.205845135452
 3.033807827522
 1.409922369752
 1.784447582589
 8.524166012415
 8.849555689605
 1.729453778394
 1.508730602641
 2.363133309024
 2.215304984465
 1.900738321439
0.9981710683412
 1.744676157466
 2.007683256736
 1.613143532111
 1.565056990468
 1.638725326885
 8.477590567953
 8.710367189075
 1.898116657498
  2.01487538872
 1.326253194406
 1.605050939482
 2.037248736536
 1.872354011692
  1.74617649729
 1.634523278047
 1.789031611277
 1.222388837973
 1.950473620413
 1.819674704031
 1.968722728621
 1.780847725462
 1.548198858881
 1.974488179868
 1.347234358953
 1.306438662126
 1.333693576903
 1.698228436626
 1.516200118763
 1.387392029366
  1.46693986905
 1.287433537754
 1.342763589093
 1.105817279293
 1.146166635203
 1.468521517323
 1.557799785292
 1.504861750609
 1.416791416018
 1.119287919098
  1.04647044717
 1.173821642537
0.9481473302499
 1.448469975447
 1.623641661019
 1.821996470187
 1.941301596508
 1.739981642389
 1.024765231428
 1.888849317865
 3.384938500747
 3.349288980903
 4.502085932004
 5.504015719621
 2.797892931231
 2.883269462592
 3.084332808278
 2.649879683877
 5.230831413477
 5.869235079339
  5.14808907722
    6.524292694
 3.060949142262
0.3366653936869
0.3745480170404
0.2218578142988
0.2643562217165
 0.516537934163
 0.288034891055
0.4592891484415
0.4590628564791
0.3823640261521
 3.218420245696
0.2377908869854
 9.928921629937
 9.937194929837
  9.83950291952
 9.894548250069
  9.88338237722
 9.889439181509
 9.595676818978
 9.728716373486
  9.74638887265
 9.799003038677
 9.665669820522
 9.470474888864
  9.55472141145
  9.86013383131
0.4760659028867
0.8067097291262
 9.633860616131
 9.734669850653
 9.696151247109
 9.455060844254
 9.597711620931
  9.49509131385
 9.566413639029
 9.672574378738
 9.514563384544
 9.289679648205
 9.657887535757
 9.410911667636
 9.647237514212
 9.477348327395
 9.282255049708
 9.477302800113
 9.779266647704
  9.81729812451
 9.378609716726
 9.287258197609
  9.06883039815
 9.577750888042
 9.396785323047
 9.796851101165
 9.768557665181
 9.907321295329
 9.909598962161
 9.634765721963
 9.854894547031
 9.513114709196
  9.55807840184
 9.330003924469
 9.490743530801
 9.531323525565
 9.341713984067
 9.409280997322
 9.833423224445
 9.824701329415
 9.857105948571
 9.852573167231
 9.027108279394
  9.63334931999
 9.606319318619
 9.208250935628
 9.042281392953
 9.537221712633
 8.888041036412
 9.495559664053
 8.758922133578
 9.369251479579
 8.476487606495
 9.280765545295
 8.512446715726
 8.852890779309
0.4150412950834
0.9993508336128
0.4668493960429
0.6725822122514
0.4872074605326
0.5655800240487
0.9727688628448
0.7310315929843
0.8606669360505
 1.025888919746
 1.367684931413
0.9019692852516
 1.136124289204
0.8259483798549
0.8277373817874
 0.619995329594
 1.136413084158
 1.594125493623
 1.094535427014
0.7315878835499
0.8472721547266
 1.597234538278
 1.229287835474
 1.003358424047
 1.031393161539
 1.275796012727
 1.405414665822
 1.290409342836
 1.542419967451
 1.306081047777
 1.198929567328
 1.342038905304
 1.502418902304
0.2941020350671
0.3146128582792
0.2230985122074
0.2200948652085
0.2347443847166
0.2426766189314
0.2478330731384
0.2180900370663
 5.637677942453
 0.245214928158
0.7868468768112
0.8049219929246
 6.540578189379
 6.471273319547
 6.749395254283
 7.000512934683
  6.25419078699
 6.555413896762
 6.517307052902
 6.288069485211
 6.304086979201
 6.154110979267
 5.898354636761
 5.997493573523
 5.961524976833
 5.928743110561
 5.638971392125
 5.939994423305
 2.652994362713
 3.787728468984
 4.126189061903
 8.428025044284
 8.800545973563
 8.932886506166
 9.102089328209
 9.198007094468
 8.692266445418
 8.749860376348
 2.009853834921
 2.354199974287
 3.147931623578
 2.715640548421
  9.35786964212
  5.31038705574
0.4585044965064
 8.199592504799
 8.657333983776
 8.820534493389
 8.840166243935
  2.33869479305
 2.159028041079
 2.290212161027
 9.563115436504
 9.536605313549
 9.495644209253
 9.640658653373
 9.704863427863
 9.694667387314
 9.637305976596
 9.615829184161
 9.788510945496
 9.560472512796
 9.848211368618
 9.790669820651
 9.583692725096
 9.803254322891
 9.560657633417
  9.69655383845
 9.828944452605
 9.716545587571
 8.086635885643
  2.58244846193
 8.699098232757
 8.346754365621
 8.451048065182
 8.167359708526
 8.269078869438
 8.337236397455
0.9128365349048
   1.2208083306
 1.076061644819
 1.287985040448
 1.195649557752
 9.087191384794
 8.971926101494
 9.364664624507
 9.310801079077
 9.000979023824
0.6722175578454
 1.054105670586
 7.705498989808
   8.2519022034
 8.848283117518
 8.045123213046
 9.023618791268
 7.597358625187
 7.800853539955
  7.68224366616
 7.438517377229
 7.897567539998
 8.416740907362
 6.396614090243
 6.393614410052
 8.109022013505
 7.929042365868
 7.838170291254
 8.615837479265
 8.553892100147
 8.785574044163
 8.846943432419
 8.875874176521
 9.069360672428
 8.399882786215
 8.598726709421
 6.973479859003
 6.927103203488
 7.305656347192
 7.370779865055
 6.961373771116
 6.482431222663
  5.97515762357
 6.186352487418
 5.880439704326
 7.540907790515
 6.902501881163
 6.922956508032
 6.593643251443
 6.370803138385
 5.621822345605
 6.187473422277
 6.595217944517
 6.668570348432
 7.392219030595
 7.071929104384
 7.228302633844
 7.215470334871
 7.302985750191
 6.156597248712
 7.452110313804
 7.450452460557
 3.313056677936
 3.972521563099
 4.197400629413
 4.149381824522
  3.83293742075
 8.944169696176
 8.736683582949
 9.030344623043
  8.98787753486
0.4801958352049
0.3901863221552
  2.16843590584
  2.15922682663
  4.27183656739
 4.012844649059
 2.283046273085
 2.733905500678
 4.496970750952
 5.232583274365
 4.802988084616
 4.693419792775
 5.071316450029
 4.974895374623
 5.368662982695
 4.803736063325
 5.158745532674
 6.007206639735
 5.262167389502
 5.017924196879
 5.554384818913
 6.100550681638
 4.928594878017
 5.297911964642
 5.780126397946
 5.729431670079
 6.359104944085
 5.857204663116
  6.00635411295
 6.027791512629
 5.897802437183
 5.484483089047
 3.906664569782
 3.785239630692
 3.762538583047
 3.701115016041
 3.502184420479
 4.629680081148
0.6450182638214
 8.552306547364
 8.667113318984
 8.798137638885
 5.205610671607
 1.355317828489
 1.385766218071
 2.943122066786
 5.210557695768
 5.399496868428
 5.108310855399
 8.893718194124
 8.539641321311
 2.165901440505
 2.374143534137
 5.516035557392
  6.26804083593
 6.518734218307
 6.015857116437
  6.64299628283
 6.395434751884
 2.493984900488
 2.261751958656
 2.658814946304
 2.106079781466
 3.245491898563
 3.106284518169
 3.555447918543
0.4971079606363
 8.246019491287
 7.853703273149
 8.098704556627
 8.274158786023
 7.877907183059
 8.063633174226
 7.803549445291
 7.881144628134
 7.560083354657
 7.401937561888
 8.245808901653
 8.188617331477
 8.032080741534
 8.428455528242
 8.052396578659
 8.109911108926
 8.376565141517
 8.055200006786
 7.615882786682
 8.591885957273
 8.870097256931
 8.468342069725
 8.767442899692
 8.650996230797
 8.575237365611
   8.9313066316
 8.723956326114
 8.778530327731
  7.37337355704
 8.591164306394
 8.741118274584
 8.990390149728
 8.537359150341
0.9415548155911
0.8542922098956
0.9885960631801
0.8920872975963
0.7323305494766
0.7805951965058
0.6472666067722
0.6010233993574
0.6391161653682
0.4593566022802
  0.74199850502
0.8722995759624
0.9507795017252
0.8330221772999
 1.052090896696
 1.172801763044
0.3746760667857
 0.394328691092
0.5122798682753
0.5255147483261
0.5564558838761
0.6998215918912
0.4040610702218
0.3938360798657
0.3982669323012
0.4844204723228
0.6397657172138
0.5871928545532
0.7858762632659
0.6133780715544
0.8027086214596
0.7307771876411
0.8022513537073
 0.891609618761
 3.230083679629
 1.357948072496
 1.579219713543
 1.694400903497
 1.455037611336
 1.426353835834
 1.321925753728
 1.883820672893
 1.977889452294
 1.924673598768
 1.570457344138
  1.13484044276
 1.206725857223
0.8860104550926
 1.637105641335
 1.745074914378
 1.891077137083
 5.846585835999
 6.019418706779
 5.315058513665
 6.480255825962
 4.712848974104
 4.498748390866
0.5625516295185
 0.434593597569
0.3998753088185
0.7382480570559
0.5533183007841
 9.849588117101
 9.414327357952
 9.751536976701
 9.702353101622
 9.661764795957
 9.542728523198
 9.645757213944
 9.554459899809
 9.621457090544
 9.509477305884
 9.490164795344
 9.633535975646
 9.662498913892
 9.575580799638
 9.707257149253
 9.586926852157
 9.350594391121
 9.216822560673
 9.257111338474
 9.040625390816
 9.267017528057
 9.103638352544
  8.97614100719
 9.397422213464
 9.156884829721
 9.102463896485
 9.172062892093
 9.038678339834
 9.160516057481
 9.242238340938
 9.000017486013
 8.867099341913
 8.873825894585
 8.772921418596
 9.367819604121
 9.118083472976
 8.791592653735
 9.377331417246
  9.52984540828
 9.488261714602
 9.142586333086
 9.023962966187
 9.487182361003
 9.553213928353
 9.406517138397
 9.407191849023
 9.541424516871
 9.396995210287
  9.49131601157
 9.159424347412
  9.27052663022
 8.868002857188
 8.211536714922
 8.468158619208
 8.635997586045
 8.536965418694
 8.657840761115
 8.391622213434
 7.937660807591
 8.041891642725
 8.262152798552
 7.699538777174
  7.77691444945
 7.636332295075
 8.582838466567
 7.264967893414
 7.999483647987
 7.462390994917
  8.02631422172
 7.318949501621
 8.252804668072
 8.501775645863
 7.454177315198
 7.634340539483
 7.895745627194
 7.832844601821
 8.265310711984
 7.592993003449
 8.042896495771
 8.206603800005
 7.625682045957
 7.462470738056
 8.558408313472
  7.67598931781
 8.018860195071
  8.16007225745
 7.200595790004
  7.40458065121
 8.214747120227
  7.83129794021
 7.921023650112
  7.46760032987
 8.485780747894
 8.390585368643
 8.611642075582
 8.693605675388
 8.781994058107
  8.01437089931
 7.610175814055
 7.711110524958
 7.596339225961
0.6747073970225
0.6676642496589
0.5504655508793
0.5514234095952
 0.502792552242
0.5793644804181
0.8125626616808
0.6738890522392
0.6375014864559
0.8897680013599
0.8053138729039
0.9783721887399
 0.839836113657
0.9410105942126
 1.217272500258
0.7287341152871
 0.793353294851
  1.12669293965
 1.319657579763
  1.51519998986
 1.779562132235
 1.445385185123
 1.643428558045
 1.245024139823
 2.391958606358
 1.478510505785
 1.904543928212
 5.975055289916
0.7974265631299
0.6592560721117
0.6505037968162
0.7604375750354
 0.966627029063
  6.24818498346
 6.538107987712
  6.85885294957
 7.025097160994
 6.573714840761
 6.960609473487
 6.620436083374
 6.865070782135
 7.163839390183
 6.512423080065
 7.412209699577
 6.657907564681
 6.733012313482
 2.800050561095
 3.304703678282
 2.966238196994
  2.62307170682
 3.439423077524
 2.887355548445
 4.391252955428
 3.239670725469
 3.250994290254
 4.012896564489
 3.174154539269
 3.798336433962
 4.884672222897
  4.00101214803
 4.484357044293
 4.374069175671
 4.925440098496
 5.255752541241
 4.399297002544
 4.154574683272
 4.667526326915
 3.737230495662
 3.656390970574
 8.772288741472
 9.001002614805
  9.51007810623
 9.757055536323
 9.780991944072
 9.771880341502
 9.666155548914
 7.874070886985
 8.006312210099
 8.391095454274
 8.330238266207
 8.271973213471
 8.493042476553
 8.734378384517
 8.048199526143
 8.056906491483
 7.759927609078
  8.12911011222
  8.42645781532
 7.480101785177
  8.54772276864
 8.551349989524
 8.284294381907
 7.916446136964
 8.033747249294
 7.538102167439
 7.767918345567
 7.103489786028
 7.044097723824
 6.817288272735
 7.205006579177
 2.154417424131
 2.294874141479
 2.552922291227
  3.21524837382
 2.858959264996
 2.950771729491
 2.991259352919
 2.636675525957
 1.142483821994
  1.00361342582
0.9886556657811
 1.424433561443
 8.882506614232
 8.769880397301
 1.068062696656
0.8989037238524
 1.210511204392
 1.266353830926
 0.871197030338
0.9655579824848
 8.091934877506
 8.180695552772
 4.709627471289
 4.950531636696
 5.032382684753
 4.534085621344
 4.042082011966
 4.876516914774
 4.530241094273
 4.357819828981
 5.213910791213
 4.375305783653
 4.212652552189
 3.704717670364
 5.163106892781
 5.627648602169
 4.870083691669
 4.641040770823
 4.588189732809
 4.327098476325
 4.690792703604
 3.540217593127
 3.544066207304
 3.944797133123
 5.542715387953
 3.744246936552
  3.38993106143
 5.863395130889
 5.599845265209
  5.45790489861
0.3645854548982
 0.459913323428
0.6380806956382
0.7559485013815
0.7460335084957
 2.317801191681
 4.293487629091
 4.117994324288
 6.514157000741
 6.913216883287
  6.72209421804
 6.294435587264
 6.715920996364
 6.350586119406
 5.336621263951
  3.75265072731
 4.190070366552
 3.937011596927
 4.036008328603
 4.418529344035
 4.072567765416
 0.528308692319
 8.781834769138
 8.754206642859
 8.734708041199
 8.747563993857
 8.965190838924
 8.710055455779
 8.860230463607
 8.886192109684
 8.942103963101
 9.077120554733
 8.914717039614
 9.002043482336
 5.552001623446
 5.557483661999
 5.654653878768
 5.705473537621
 8.857392635696
 8.910840716465
 9.020440953831
 8.998531115342
 9.197675378203
 8.901154418791
  8.76728475516
 8.953923562848
 9.123510771851
  8.68048978399
 8.752959931528
 9.278038656014
 9.053809043449
 8.974236613536
 9.221886527674
 9.188135933956
 9.240968602211
 9.319739880147
 9.376201591252
 9.119026592884
 8.997166038178
 9.248456553669
 9.401113143786
 9.446476072576
 9.360460226782
 9.335758869756
 9.459349976513
 9.371728675751
 9.490930519008
 9.535085730076
 2.438403496778
  2.42278615696
 3.465547984978
  3.42576990118
 8.099494834466
 7.851822631422
 7.834958848698
 7.561869791571
 7.419557007145
 7.199011637997
 7.135446258733
 8.241534283797
 9.153709337646
 8.381000074121
 9.145282161815
 9.072169316144
 8.994378817993
 8.869219111985
 8.888663428992
 9.156189202785
 8.987830448752
 9.034070456436
 8.863706968526
  9.03678390676
0.5515818770625
0.6316829637683
0.7379899233785
0.8875880700951
0.7925925609011
 0.867604314946
0.7374364940657
0.6969865237548
 1.776247130566
 1.629851568586
 1.805576412855
 1.436737719197
 1.369319886879
 1.493915840967
 1.335699762963
  1.28505661038
 1.106188117782
 1.034852797555
 1.224777579877
 1.019384704318
 1.189868733362
 1.113871622705
 1.052182685574
 0.581258315318
0.5874037590996
0.6574896465415
0.5506318027227
0.8116434310599
0.6939645580771
0.6595368791949
0.7767915542934
 0.462131571946
 9.721023523099
  9.63751511264
 9.607677502309
 9.693280265176
 9.430813215086
 9.286233616502
 9.067649838197
 9.058126862697
 6.843393782314
 8.516734484309
 8.747830656573
 7.903112801002
 8.070132321975
 7.927401554369
 7.258996326594
 8.035325010804
 7.066767622856
 8.124751535056
 7.723165035096
 8.108580810142
 7.761285527706
 6.945810109842
 7.371624978895
 7.189249701798
 8.094612820158
 8.568320676445
 7.507440007977
 6.883074011838
 7.305710996449
 6.324703273719
 7.245044287748
 8.025978169625
 8.505752121425
  6.63761584481
 7.421480096472
  7.54818303244
  8.23340080334
 8.731853487379
 7.222317485931
   6.2001671906
 6.919284946776
 6.571462823642
 6.756966080538
 6.142890265372
 8.950853253647
 6.256720572713
 6.534231564205
  5.93132633423
 6.252444983928
 6.559828263545
 1.178858675243
 1.051571399539
 1.398235145522
 1.172148284458
 1.010539736879
0.9645935887655
 1.268527511566
 0.677832731358
0.4915952181772
 0.758738868026
 1.665870289661
 1.540167172761
 2.158699496723
 1.549067646617
 1.881235524996
 1.752133807322
 2.048556214362
 1.940825471252
  2.12262553861
 1.793387687179
 2.136079700885
  2.38818881633
 2.322916770465
 2.963853626213
 2.644293373206
 2.919034541675
 2.900830875365
 2.565199056391
 2.060696129951
 1.908352135303
 1.804485729862
 2.275853911329
 2.212312544859
 1.420900063518
 1.377797361077
 1.575835806931
 7.548364273072
 4.080472985548
 3.142944120862
 8.922485097852
 8.749735895754
 8.871245347363
 9.104494698465
 9.106296597789
 8.941454411635
 7.136120123984
 1.878645667962
 2.045263134538
 1.847756023397
  1.71936673489
 1.928012159388
 2.248951767605
 2.978803586328
 3.226583949431
 2.646251215252
 2.552061527016
 2.854184045876
 1.500955371186
 1.174387193294
 1.381213822092
 4.016777519553
 3.860340349922
 4.054530193813
 4.338052183909
 4.510397518518
 4.207537507692
 4.843167809186
 4.709178246271
 3.644768405585
 4.475183202081
 4.934556542395
 5.687057159176
0.6098135892869
  4.31623085144
 4.054433601867
 4.807537475757
 4.478774368198
 4.777711064137
 4.331644939173
 4.923944934883
 4.315580033733
 3.769954905171
 4.016627128025
 3.667068805058
 5.212882428604
 5.163738294174
 5.363437965605
 4.934113023644
 4.753157642257
 5.181597670466
 5.497461093731
 4.588352198902
 4.579002331755
 4.556878990452
 4.087403132369
 4.178597528826
 3.655026142862
 3.995566164563
 3.316465339716
 3.331380476499
 3.626631834612
 3.213468889572
 6.596121144671
 6.959029056623
 6.536468808732
 6.757906025084
  6.35695113815
  4.42249748414
 9.133733089414
 9.109204541563
  9.14184071987
 9.207564599316
 9.059633287847
 6.114733853475
 6.284597410658
 6.374158819835
 5.901780358313
 5.996763770909
 9.161195965952
 9.420823008164
 9.291690157209
   9.4700537058
 2.722448955576
 2.614971946827
   2.8339531377
 2.922155194348
 2.672625821667
 2.700622527879
 2.907127484456
 2.380490241709
 3.173884945362
 3.339318623807
 7.450716307181
 6.845865472541
 9.279645495498
 9.144090362318
  9.32341111101
 9.273851021296
 9.190041879413
 9.281476112021
 9.112770846823
 1.984070255165
 1.717653781212
 1.430133086742
0.9181652516308
 1.133527771577
 1.261296369954
 1.144972617914
 1.010718319549
0.9808690711658
 1.167282171853
 1.198826335232
 1.315910224529
0.7629994863546
 0.905359000149
 0.946044346456
 1.056474755849
0.9133328977459
0.5698009132692
 7.130974483996
 6.840562265313
  7.71528655514
 7.022613249569
 6.756939543609
 6.977444459337
 8.626190231542
 6.655954160659
 1.326002437933
0.7011816158521
0.5357296770657
0.4047055778522
0.2310876661728
0.4674106417399
0.2063613358175
0.7013628420109
0.9403472687586
 1.972054481171
 2.253882274769
 2.480362691147
 2.228163752601
  2.12963764648
   1.9840332406
 1.800714513595
 2.084223701682
 2.155419719395
 1.752673708147
 1.461429872496
 2.366030703329
 2.413270034545
 2.094733330742
  2.69936235569
 2.128354712137
 4.288094877587
  3.70419636361
 3.508415230759
 4.024643760636
 3.786502321383
  4.03576420093
 5.318453733096
  4.84229103649
 5.108732820999
 3.585487457462
 7.079706411347
  6.96966934879
 6.107087515526
 6.298226123916
 5.797444345023
 9.064123496904
 9.266994115697
 9.242142670587
  9.32529172212
 2.915969530839
 2.882002271683
 2.416577951462
 2.365147554573
 2.630343524832
 2.810242264662
 2.591738386578
 3.339103480204
 3.154387757958
  9.20608119539
 9.280495840691
 9.164757491948
  9.05955525751
 9.006250750143
 1.118204168237
0.6887290053581
0.6573180040818
0.7773230663133
 0.833575397832
 7.126535226364
 6.481047045844
 6.668320279151
 2.434412688648
 2.676350882011
 5.573396046347
 5.758564651188
 5.652771820727
 5.235357456097
 9.477624491102
 8.716526578708
 8.919202042833
 8.817046098285
 8.732325925798
 8.946023711971
 9.045040107382
  9.17527958384
 8.981133613372
 8.823246790461
 8.663645956659
 1.476404431709
 3.338875744763
 4.783795279317
 5.401630449402
 9.716885807121
 7.721073641185
 5.946955065955
 6.244258262362
 5.949985172596
 6.103489918165
